0.27
0.04
-1.26
-1.26
-1.18
-0.9
-0.71
-0.71
-0.35
0.51
0.51
1.22
1.65
1.65
1.8
1.8
1.69
1.18
1.18
0.55
0.55
4
4.16
4.16
2.86
2.2
2.2
1.49
1.49
1.37
0.27
0.27
-2.67
-6.16
-6.16
-3.92
-5.45
-5.45
-9.26
-6.79
-0.86
-0.86
3.37
5.02
5.02
4.94
4.94
4.86
4.86
4.86
1.45
0
0
4.79
4.79
9.41
7.49
7.49
4.55
4.55
2.51
-0.51
-0.51
19.1
-13.02
-2.28
-2.28
-4.98
-9.53
-6.83
-6.83
-1.37
3.65
3.65
4.98
3.69
3.69
2.9
2.9
5.18
5.37
5.37
-0.35
3.45
3.45
9.18
9.18
7.88
4.63
4.63
1.77
1.77
-4.71
-16.12
-5.33
-5.33
-13.18
-12.98
-4
-4
1.77
3.06
3.06
6
7.49
7.49
8.16
8.16
8.28
0.27
0.27
2.08
2.08
11.89
10.67
6.08
6.08
2.24
2.24
-2.16
-15.18
-14.55
-14.55
-10.94
-13.38
-5.69
1.61
1.61
5.26
5.26
6.63
8
8
8.71
8.71
0.31
2.9
2.9
12.47
12.4
12.4
6.9
2.71
2.71
0.24
0.24
-6.28
-16.95
-10.87
-10.87
-10.28
-13.93
-7.34
-0.71
-0.71
4.16
6.59
6.59
6.39
7.96
7.96
8.24
8.24
-0.67
7.81
7.81
14.44
9.77
9.77
5.33
5.33
2.79
0.94
0.94
-5.92
-13.1
-13.1
-17.26
-6.75
-13.3
-10.32
-10.32
-3.49
-0.24
2.47
2.47
4.04
5.65
5.65
8.2
8.2
10
-0.16
-0.16
4.79
14.04
14.04
11.3
6.04
2.24
2.24
0.75
0.75
-4.08
-10.94
-16.59
-16.59
-6.51
-13.18
-12.59
-5.33
-5.33
-0.31
2.24
2.24
4.71
6.98
6.98
10.28
10.28
10.63
0.75
8.36
8.36
14.87
14.87
10.55
5.77
2.63
2.63
-1.84
-1.84
-10.36
-15.34
-13.53
-10.83
-10.83
-15.14
-8.51
-2.08
0.63
0.63
3.73
3.73
6.39
9.14
9.14
11.69
1.92
1.92
4.9
4.9
14.95
10.94
10.94
5.69
3.33
3.33
1.45
-6.67
-6.67
-13.93
-17.65
-7.02
-7.02
-15.22
-10.79
-4.59
-4.59
-0.71
4.31
7.41
7.41
9.53
9.53
11.14
2.35
2.35
5.92
17.42
17.42
11.73
5.88
5.88
0.51
-0.94
-0.94
-5.33
-10.2
-10.2
-15.53
-5.41
-9.77
-10.12
-10.12
-4.35
-0.63
1.18
1.18
1.92
1.92
4.55
7.18
7.18
9.06
1.57
1.57
5.02
5.02
13.53
9.61
9.61
4.94
2.82
2.82
0.16
0.16
-6.08
-11.49
-13.57
-13.57
-3.1
-9.57
-9.81
-9.81
-5.49
-1.22
-1.22
0.43
3.3
3.3
6.32
10.75
10.75
10.36
3.96
3.96
14.83
11.18
11.18
5.73
0.78
0.78
-1.84
-5.69
-5.69
-9.77
-11.14
-5.53
-5.53
-9.53
-12.98
-8.43
-8.43
-2.75
-0.12
1.61
1.61
4.75
4.75
9.3
11.89
11.89
5.26
7.02
7.02
15.77
11.41
11.41
4.86
0.86
0.86
-1.18
-5.26
-5.26
-9.65
-13.85
-9.02
-9.02
-11.14
-13.65
-8.9
-8.9
-2.94
0.86
0.86
2.86
5.61
5.61
9.34
9.34
11.77
6.86
6.86
7.85
17.85
17.85
12.36
6.16
6.16
0.78
-3.3
-3.3
-6.12
-8.12
-11.34
-11.34
-13.61
-4.51
-12.63
-11.1
-11.1
-5.57
-1.49
1.49
1.49
2.82
2.82
5.81
9.89
9.89
12.51
1.45
1.45
10.47
15.85
15.85
9.38
2.86
2.86
-2.55
-7.3
-7.3
-11.85
-13.96
-5.77
-5.77
-12.98
-10.28
-4.12
-4.12
0.94
6.55
6.55
9.96
8.63
8.63
7.57
7.57
-0.04
3.3
3.3
5.77
3.96
3.96
0.75
0.75
-0.43
-0.71
-0.71
-0.71
-1.8
-3.26
-3.26
-3.3
-1.02
-1.02
-0.08
1.1
1.26
1.26
4.9
4.9
0.08
0.16
0.16
-0.04
-0.08
-0.08
-0.04
-0.16
-0.16
0.24
0.24
0.24
0.2
0.24
0.24
0.43
0.43
0.35
0.31
0.31
0.27
0.27
0.27
0.31
0.31
0.27
0.27
0.27
0.35
0.35
0.31
0.31
0.31
0.31
0.31
0.27
0.31
0.31
0.27