-0.04
-0.71
-1.84
-1.84
-2.86
-4.04
-4.04
-3.92
-2.75
-1.29
-1.29
0.71
4.12
4.12
7.22
7.22
6.35
2.47
2.47
-0.59
-0.75
-0.75
1.14
1.84
1.84
0.08
0.08
-3.06
-7.96
-7.96
-6.47
-4.67
-4.86
-4.86
-5.96
-5.41
-5.41
-3.88
-1.18
5.26
5.26
9.41
9.41
8.24
4.16
4.16
0.20
0.04
0.04
2.86
2.86
5.18
5.18
5.18
2.75
2.75
0.00
-2.55
-2.55
-6.39
-9.45
-9.34
-9.34
-4.16
-1.65
-1.65
-2.75
-4.24
-5.45
-5.45
-4.59
-3.41
-3.41
-1.53
1.49
1.49
6.04
10.59
10.59
9.34
4.24
4.24
0.75
0.04
0.04
0.78
0.78
1.57
1.77
1.77
0.59
0.59
-1.37
-5.06
-5.06
-9.73
-9.69
-1.88
-1.88
-3.61
-5.73
-5.73
-6.24
-6.63
-4.67
-4.67
-2.94
-1.69
-1.69
2.63
8.32
8.32
10.24
6.94
6.94
2.67
0.94
0.94
1.18
1.18
2.67
3.65
3.65
2.47
2.47
0.67
-1.49
-1.49
-4.55
-8.39
-9.69
-9.69
-5.37
-2.28
-2.28
-1.65
-3.06
-3.57
-3.57
-2.94
-1.73
-1.73
0.67
2.47
2.47
2.82
3.30
3.30
4.31
4.31
3.06
1.45
1.45
0.90
1.65
1.65
2.51
2.51
2.43
2.43
2.43
1.73
1.73
0.24
-0.82
-0.82
-2.43
-4.82
-4.82
-6.35
-6.63
-3.57
-3.57
-0.51
-0.16
-1.02
-1.02
-2.35
-3.65
-3.65
-2.90
-2.28
-2.39
-2.39
-1.61
-0.39
-0.39
1.69
3.22
3.22
4.75
5.02
5.02
2.90
2.90
1.73
1.29
1.29
1.02
1.02
0.82
0.67
0.67
-0.12
-1.06
-1.06
-1.53
-1.88
-1.88
-2.28
-2.39
-3.77
-3.77
0.04
0.08
0.08
0.12
0.12
-0.39
-1.02
-1.77
-1.77
-1.57
-1.33
-1.33
-2.16
-2.51
-2.35
-2.35
-1.57
0.67
0.67
2.67
3.53
3.53
3.30
3.30
2.55
0.35
0.35
-0.47
0.27
0.27
1.69
1.69
3.14
2.82
2.82
1.49
1.49
-0.20
-1.80
-1.80
-2.20
-2.20
-1.84
-1.84
-1.77
-1.73
-1.73
-2.12
-2.39
-0.67
-0.67
-0.63
-0.82
-0.82
-1.06
-1.53
-1.57
-1.57
-1.80
-2.35
-2.35
-2.35
-1.41
0.16
0.16
2.24
2.24
3.77
4.08
4.08
2.16
0.75
0.75
0.63
0.63
1.49
2.20
2.20
2.39
2.39
1.80
0.63
0.63
-0.16
-1.22
-1.22
-2.04
-2.63
-2.63
-3.10
-12.04
-3.49
-3.49
0.47
-0.90
-0.90
-0.78
0.67
0.67
-0.47
-1.06
-0.98
-0.98
-1.26
-1.57
-1.57
-1.57
-1.96
-1.41
-1.41
-0.35
0.39
0.39
1.06
1.57
1.57
2.04
2.04
1.41
0.75
0.75
0.90
0.90
1.41
1.65
1.65
1.69
1.69
0.78
-0.20
-0.20
-0.59
-1.06
-1.06
-1.06
-1.06
-0.27
-0.27
-0.35
-0.67
1.18
1.18
1.57
1.57
0.98
0.16
0.16
-0.43
-0.98
-0.98
-1.57
-1.57
-1.57
-1.88
-2.00
-1.45
-1.45
-1.06
-0.59
-0.59
0.12
0.78
0.78
1.77
2.28
2.28
0.78
0.78
0.59
1.57
1.57
2.51
2.51
2.59
1.65
1.65
0.27
-0.86
-0.86
-1.92
-1.73
-1.73
-2.08
-2.12
-1.92
-1.92
-1.06
-1.65
-1.65
0.27
0.82
0.82
0.31
-0.47
-0.47
-2.24
-1.92
-1.92
-1.96
-2.00
-2.16
-2.16
-1.73
-0.78
-0.78
0.08
1.10
1.10
1.77
2.20
2.20
1.53
1.53
0.12
0.24
0.24
1.53
2.79
2.79
3.30
3.30
2.82
1.37
1.37
-0.86
-1.84
-1.84
-2.67
-3.02
-3.02
-2.59
-1.92
-0.31
-0.31
1.37
0.59
0.59
-0.31
-0.90
-0.90
-1.22
-1.45
-1.45
-1.22
-0.71
-0.39
-0.39
-0.43
-0.86
-0.86
-1.02
-0.71
0.04
0.04
0.86
0.86
1.18
-0.12
-0.12
-0.71
0.35
0.35
2.04
3.65
3.65
4.63
4.63
3.33
2.16
2.16
-0.04
-2.04
-2.04
-3.22
-3.26
-3.26
-2.63
-1.65
-0.31
-0.31
0.12
0.63
0.63
0.51
0.51
-0.24
-0.75
-0.75
-0.82
-0.63
-0.20
-0.20
-0.04
-0.20
-0.20
-0.67
-1.49
-1.84
-1.84
-1.45
-0.27
-0.27
-0.16
-1.29
-1.84
-1.84
-0.39
1.41
1.41
3.18
3.69
3.69
3.33
3.33
1.69
0.43
0.43
-0.71
-1.45
-1.45
-1.29
-1.65
-1.65
-0.59
0.08
0.31
0.31
0.24
0.24
2.20
2.04
2.04
0.78
0.78
-0.16
-0.94
-0.94
-0.86
-0.98
-1.37
-1.37
-1.80
-2.08
-2.08
-2.86
-3.37
-3.02
-3.02
-2.00
-0.20
-0.20
0.55
0.43
0.43
0.67
2.12
2.12
3.49
3.49
4.04
3.49
3.49
2.08
0.43
0.43
-0.90
-0.90
-2.08
-2.08
-1.57
-1.57
-1.33
-0.20
-0.20
-0.12
-0.35
2.00
2.00
2.59
2.59
1.65
0.55
0.55
-0.55
-1.33
-1.33
-1.92
-2.43
-2.43
-3.10
-3.41
-3.30
-3.30
-2.71
-2.16
-2.16
-1.26
-0.78
-0.08
-0.08
0.08
0.08
0.08
-1.33
-2.63
-2.63
-1.53
0.75
0.75
3.69
5.22
5.22
5.88
5.88
4.90
2.75
2.75
0.04
-1.49
-1.49
-1.45
-1.49
-1.49
-1.33
-1.33
-0.71
-0.71
2.35
2.86
2.86
2.16
2.16
0.86
-0.59
-0.59
-1.53
-2.08
-2.08
-2.35
-2.12
-1.96
-1.96
-2.08
-2.31
-2.31
-2.16
-1.49
-0.27
-0.27
0.78
2.00
2.00
1.80
1.45
1.45
1.53
1.53
2.04
2.47
2.47
2.20
2.20
0.82
-0.08
-0.08
-0.71
-2.12
-2.12
-2.75
-2.82
-2.35
-2.35
-1.18
-0.08
-0.08
-0.43
1.49
2.35
2.35
1.80
1.80
0.67
-0.59
-0.59
-1.57
-1.92
-1.92
-2.12
-2.28
-2.24
-2.24
-1.84
-1.61
-1.61
-1.49
-0.86
-0.16
-0.16
0.82
1.29
1.29
0.12
0.12
-0.63
0.55
0.55
1.88
3.45
3.45
3.88
3.88
2.90
1.57
1.57
-0.71
-2.24
-2.24
-2.90
-3.18
-2.63
-2.63
-1.22
0.20
0.20
0.43
0.43
0.82
0.67
0.67
-0.12
-0.63
-0.63
-1.49
-1.37
-1.02
-1.02
-0.59
-0.04
-0.04
-0.08
-0.78
-1.45
-1.45
-1.84
-1.65
-1.65
-0.16
0.59
0.59
1.33
2.82
2.82
4.86
4.86
6.47
6.24
6.24
3.80
0.39
0.39
-3.18
-3.18
-5.10
-5.57
-4.86
-4.86
-3.30
-1.18
-1.18
-2.04
-0.90
-2.00
-2.00
-2.16
-2.67
-2.67
-4.59
0.31
-0.90
-0.90
-1.96
-2.00
-2.00
-2.08
-1.65
-0.43
-0.43
0.59
1.96
1.96
3.02
3.02
3.33
2.55
2.55
1.73
1.73
1.73
2.28
2.28
2.55
2.31
2.31
0.82
0.82
-0.35
-1.57
-1.57
-2.12
-2.55
-2.08
-2.08
-1.65
-1.14
-1.14
0.00
-0.16
-0.16
-0.98
-1.61
-1.37
-1.37
-1.57
-2.08
-2.08
-2.31
-2.71
-2.55
-2.55
-1.18
1.02
1.02
3.06
4.39
4.39
3.69
3.69
1.92
1.02
1.02
1.41
1.88
1.88
2.63
2.63
2.75
2.24
2.24
-0.16
-1.69
-1.69
-3.02
-3.06
-3.06
-2.43
-1.29
-1.33
-1.33
0.16
0.24
0.24
-0.71
-0.71
-1.65
-2.24
-2.67
-2.67
-2.67
-2.12
-2.12
-1.45
-0.35
0.86
0.86
2.00
2.00
2.67
2.82
2.82
2.67
1.49
1.49
0.90
0.90
1.96
3.26
3.26
3.92
3.92
3.45
1.80
1.80
-1.10
-3.45
-3.45
-4.55
-4.59
-4.59
-3.30
-1.57
0.31
0.31
-0.59
-1.06
-1.06
-1.88
-2.39
-2.39
-2.31
-1.88
-0.90
-0.90
0.20
0.94
0.94
1.37
1.37
-0.16
-0.78
-0.78
0.12
0.94
0.94
1.61
2.39
2.39
1.69
1.69
1.10
1.02
1.02
1.45
1.53
1.53
2.08
2.08
2.28
1.61
1.61
0.90
0.90
-0.12
-1.10
-1.10
-1.45
-1.49
-1.22
-1.22
-0.75
-0.86
-0.86
-1.88
-1.14
-0.98
-0.98
-1.92
-2.35
-2.35
-2.00
-1.77
-1.29
-1.29
-0.82
-0.55
-0.55
0.27
1.10
1.10
0.43
-0.90
-0.90
-1.10
1.22
1.22
4.08
3.92
3.92
3.06
3.06
1.96
2.00
2.00
2.00
1.80
1.80
1.96
1.96
0.82
0.75
0.75
-0.12
-0.75
-0.75
-1.84
-1.88
-1.88
-0.35
0.71
0.71
0.20
0.98
0.98
0.98
0.82
0.82
0.67
0.67
0.63
0.27
0.27
0.08
0.08
-0.55
-1.06
-1.06
-1.57
-2.24
-1.69
-1.69
-0.39
0.63
0.63
-0.04
-0.47
-0.47
0.00
0.71
0.71
1.77
2.94
2.94
3.18
3.18
3.10
2.55
2.55
1.57
1.57
1.33
0.47
0.47
-1.02
-2.59
-2.59
-3.33
-3.26
-3.26
-0.90
0.31
0.31
0.31
-0.12
-0.12
-0.39
-0.51
-0.78
-0.78
-0.78
-0.75
-0.75
-0.51
-0.27
-0.43
-0.43
-0.94
-1.88
-1.88
-2.04
-0.98
-0.90
-0.90
-0.24
0.20
0.20
1.57
2.94
2.94
3.61
3.61
4.00
3.69
3.69
2.28
2.28
-0.04
-1.80
-2.67
-2.67
-2.39
-1.37
-1.37
0.90
1.18
1.18
1.10
0.39
0.39
-0.16
-0.16
-1.02
-1.73
-2.04
-2.04
-2.20
-2.12
-2.24
-2.24
-1.96
-1.41
-1.41
-0.63
0.94
0.94
1.33
1.02
1.02
0.94
0.94
1.02
1.77
1.77
2.82
2.71
2.71
3.22
3.22
3.22
1.96
1.96
0.75
0.75
-0.98
-2.55
-2.55
-3.41
-3.37
-2.08
-2.08
-0.98
1.41
1.41
2.08
1.88
1.88
1.49
1.49
0.47
-0.71
-0.71
-2.31
-2.86
-3.57
-3.57
-3.80
-4.71
-4.71
-4.75
-3.96
-1.96
-1.96
0.63
2.90
2.90
3.73
3.73
3.06
1.88
1.88
1.88
1.88
2.04
2.86
2.86
3.41
3.18
3.18
3.10
3.10
2.04
1.06
1.06
-0.86
-2.20
-2.20
-2.67
-2.82
-2.82
-1.88
-0.24
2.28
2.28
2.55
2.55
1.45
-0.20
-0.20
-1.65
-3.02
-3.02
-3.41
-3.57
-4.16
-4.16
-4.12
-4.24
-4.24
-3.84
-2.47
-0.16
-0.16
2.47
3.96
3.96
3.61
3.61
1.96
1.06
1.06
0.20
0.59
0.59
1.84
1.84
3.84
3.30
3.30
3.84
3.84
1.88
-0.59
-0.59
-1.73
-2.82
-3.26
-3.26
-2.43
-0.63
-0.63
2.71
2.90
2.90
1.92
0.24
0.24
-1.96
-1.96
-3.33
-3.96
-4.43
-4.43
-4.98
-4.51
-4.51
-3.49
-2.39
-0.71
-0.71
1.53
3.65
3.65
4.51
3.96
3.96
2.47
2.47
0.86
0.08
0.08
0.82
0.82
2.08
2.94
2.94
3.10
3.10
2.90
1.29
1.29
-0.20
-1.80
-1.80
-2.63
-2.79
-2.90
-2.90
-3.61
-2.75
-2.75
-0.51
0.08
0.08
-0.47
-1.14
-1.14
-2.16
-3.02
-3.53
-3.53
-3.65
-4.00
-4.00
-3.61
-3.02
-1.84
-1.84
-0.39
1.77
1.77
3.69
5.18
5.18
5.02
5.02
2.98
1.84
1.84
1.80
1.80
2.55
2.47
2.47
2.79
0.94
0.94
-0.71
-0.71
-1.84
-2.71
-3.02
-3.02
-3.06
-3.02
-3.02
-2.28
-1.84
-1.18
-1.18
0.04
0.04
0.04
-0.59
-1.26
-1.26
-2.00
-2.47
-2.47
-3.26
-3.33
-3.41
-3.41
-2.98
-2.55
-2.55
-1.73
-0.16
1.61
1.61
2.98
2.98
3.61
3.53
3.53
2.24
1.10
1.10
0.59
0.59
1.84
2.16
2.16
3.37
3.37
2.75
1.88
1.88
0.63
0.63
-0.90
-2.08
-2.86
-2.86
-3.80
-3.73
-3.73
-3.10
-2.98
-0.24
-0.24
-0.27
-0.98
-0.98
-1.88
-2.67
-3.45
-3.45
-3.77
-3.45
-3.45
-2.94
-1.92
-1.84
-1.84
-1.29
0.00
0.00
1.92
3.57
3.57
3.57
3.57
3.33
2.04
2.04
1.29
1.29
1.49
1.84
1.84
1.77
1.77
1.57
1.45
1.45
0.59
0.12
0.12
-0.43
-0.43
-0.78
-1.69
-2.82
-2.82
-3.73
-3.80
-3.80
-4.00
-1.10
-0.27
-0.27
-0.47
-1.29
-1.29
-2.08
-2.94
-3.69
-3.69
-4.16
-3.84
-3.84
-2.94
-2.75
-1.96
-1.96
-0.04
2.28
2.28
4.08
4.55
4.55
3.69
3.69
2.20
1.77
1.77
2.24
3.10
3.10
3.96
3.96
3.88
2.59
2.59
1.26
1.26
-0.63
-2.04
-2.04
-2.98
-3.61
-4.08
-4.08
-4.20
-3.69
-3.69
-3.30
-2.35
-1.02
-1.02
-1.33
-1.73
-1.73
-2.24
-2.82
-3.22
-3.22
-3.30
-2.75
-2.75
-2.31
-1.33
-1.14
-1.14
-0.86
-0.35
-0.35
1.14
2.16
2.16
2.59
3.06
3.06
2.35
2.35
1.80
0.90
0.90
1.14
2.04
2.04
2.86
2.86
2.59
2.16
2.16
1.10
1.10
-0.24
-1.22
-1.22
-2.20
-2.43
-3.22
-3.22
-3.65
-3.30
-3.30
-1.26
-0.90
-1.22
-1.22
-1.84
-2.79
-2.79
-3.80
-4.16
-4.16
-4.16
-3.45
-2.90
-2.90
-2.63
-1.73
0.31
0.31
2.20
2.20
3.96
4.67
4.67
4.04
2.86
2.86
1.45
1.45
1.80
2.28
2.28
2.59
2.59
2.98
4.75
4.75
2.16
2.16
1.69
-0.35
-0.35
-3.61
-6.00
-7.18
-7.18
-7.02
-5.26
-5.26
-3.30
-1.45
-1.06
-1.06
-1.29
-2.24
-2.24
-3.45
-4.43
-5.22
-5.22
-5.14
-3.92
-3.92
-1.69
0.00
0.00
1.61
3.10
3.10
4.28
4.79
4.79
4.28
4.28
3.10
2.24
2.24
2.28
2.28
1.84
2.08
2.08
2.24
1.22
1.22
0.35
0.35
-0.86
-2.67
-2.67
-4.00
-4.24
-3.53
-3.53
-3.14
-3.37
-3.37
-1.61
-0.86
-0.78
-0.78
-1.29
-1.77
-1.77
-2.67
-3.18
-3.37
-3.37
-3.02
-2.43
-2.43
-1.57
-0.63
0.20
0.20
1.10
1.10
2.20
2.55
2.55
3.30
3.30
3.06
1.88
1.88
1.53
1.53
2.28
2.67
2.67
2.31
1.49
1.49
0.24
0.24
-1.22
-2.59
-2.59
-2.55
-2.51
-3.45
-3.45
-3.02
-3.26
-3.26
-0.20
0.12
0.12
-0.71
-1.88
-2.90
-2.90
-3.73
-4.31
-4.31
-3.84
-2.86
-1.45
-1.45
-0.08
1.57
1.57
2.67
3.69
3.69
3.26
3.26
2.20
1.33
1.33
0.04
0.04
0.47
1.06
1.06
2.90
2.90
2.98
2.43
2.43
0.98
0.16
0.16
0.00
0.00
-0.75
-1.45
-1.45
-2.71
-4.82
-5.61
-5.61
-4.51
-1.92
-1.92
-0.31
-0.27
-0.86
-0.86
-1.61
-2.79
-2.79
-3.84
-4.43
-4.12
-4.12
-2.71
-1.41
-1.41
0.12
1.41
1.41
2.55
3.53
3.53
3.49
3.49
2.90
2.28
2.28
1.53
1.53
1.22
1.57
1.57
1.77
1.45
1.45
1.02
1.02
1.02
0.67
0.67
0.20
0.20
-0.47
-1.49
-1.49
-2.20
-2.79
-2.79
-2.79
-3.57
-3.77
-3.77
-1.22
-0.82
-0.90
-0.90
-1.26
-1.88
-1.88
-2.20
-2.31
-1.69
-1.69
-2.04
-1.69
-1.69
-1.65
-1.61
-0.90
-0.90
1.22
3.02
3.02
4.24
4.39
4.39
3.26
3.26
2.31
2.16
2.16
2.75
2.75
2.59
2.35
2.35
1.96
1.96
0.63
-0.78
-0.78
-1.61
-2.35
-3.92
-3.92
-5.65
-6.86
-6.86
-5.26
-3.22
-2.94
-2.94
-2.43
-2.04
-2.04
-2.00
-1.88
-1.73
-1.73
-1.73
-1.77
-1.77
-1.96
-1.45
0.86
0.86
3.22
3.22
4.63
4.63
4.63
3.22
3.22
1.33
0.94
0.94
1.33
2.20
2.20
3.65
3.65
3.18
2.28
2.28
1.45
1.45
0.31
-1.10
-1.10
-2.24
-4.16
-5.96
-5.96
-6.79
-6.47
-6.47
-2.20
-1.18
-1.02
-1.02
-1.61
-2.31
-2.31
-3.92
-4.63
-4.90
-4.90
-4.67
-4.43
-4.43
-2.20
2.98
2.98
8.16
10.24
10.24
8.39
4.28
4.28
1.80
0.27
0.27
1.06
1.06
1.88
1.33
1.33
-0.27
-2.59
-2.59
-5.33
-7.65
-7.65
-7.96
-5.92
-3.14
-3.14
-2.16
-2.16
-2.16
-2.79
-3.80
-5.96
-5.96
-6.55
-5.88
-5.88
-3.53
0.27
0.27
8.00
13.10
13.10
10.79
6.63
6.63
2.43
1.61
1.61
1.18
1.18
3.22
-1.02
-1.02
-0.67
-6.04
-9.77
-9.77
-9.34
-4.55
-4.55
-3.14
-3.22
-4.63
-4.63
-5.30
-5.41
-5.41
-3.84
-0.39
3.65
3.65
10.63
11.77
11.77
8.94
4.51
4.51
2.12
2.12
0.78
1.61
1.61
2.35
2.35
1.29
-5.10
-5.10
-8.90
-9.38
-7.65
-7.65
-1.57
-1.96
-1.96
-2.24
-2.94
-3.37
-3.37
-3.41
-3.18
-3.18
-3.65
-3.69
-1.65
-1.65
2.59
6.59
6.59
8.51
8.51
5.37
2.94
2.94
2.98
2.98
3.57
3.61
3.61
2.67
0.31
0.31
-3.06
-3.06
-6.32
-7.49
-7.06
-7.06
-2.86
-2.12
-2.12
-2.67
-3.37
-3.37
-3.37
-3.88
-4.12
-4.12
-3.49
-0.63
4.08
4.08
7.30
7.30
7.88
4.90
4.90
2.82
2.82
2.82
4.51
4.51
4.75
3.45
3.45
0.94
0.94
-3.14
-6.00
-6.00
-7.65
-8.20
-4.28
-4.28
-3.53
-3.18
-3.18
-2.82
-2.43
-2.08
-2.08
-1.37
-0.27
-0.27
1.80
3.96
3.96
4.86
4.82
4.82
2.67
2.67
2.82
3.96
3.96
4.35
3.84
3.84
2.12
2.12
-1.45
-4.08
-4.08
-5.33
-5.14
-4.24
-4.24
-3.22
-2.90
-2.90
-3.61
-3.18
-2.79
-2.79
-2.59
-1.84
-1.84
-0.90
1.49
1.49
3.33
4.98
4.98
5.61
3.88
3.88
4.00
4.00
5.37
5.88
5.88
3.96
3.96
0.00
-5.22
-5.22
-7.77
-8.04
-6.71
-6.71
-2.35
-3.26
-3.26
-3.30
-2.90
-2.98
-2.98
-2.75
-2.24
-2.24
-0.51
1.88
1.88
4.04
5.26
5.26
5.49
5.49
4.24
2.98
2.98
3.41
3.80
3.80
3.14
3.14
2.51
0.04
0.04
-3.33
-6.16
-6.16
-7.73
-6.83
-6.83
-4.12
-4.47
-3.61
-3.61
-3.06
-2.35
-2.35
-2.08
-0.59
1.37
1.37
2.79
2.79
4.20
4.55
4.55
4.71
4.71
5.18
6.12
6.12
5.88
2.35
2.35
-0.47
-0.47
-3.33
-5.96
-6.16
-6.16
-5.22
-5.18
-5.18
-2.12
-1.88
-3.02
-3.02
-3.69
-4.08
-4.08
-2.94
-1.14
1.06
1.06
2.94
2.94
4.16
5.14
5.14
5.06
4.20
4.20
4.86
4.86
5.06
3.33
3.33
-0.04
-1.02
-1.02
-2.43
-3.33
-3.33
-4.28
-5.26
-5.96
-5.96
-4.08
-4.20
-4.20
-4.20
-3.37
-3.22
-3.22
-2.79
-1.53
-1.53
1.02
4.00
4.00
6.39
7.26
7.26
5.45
5.45
4.90
6.00
6.00
7.18
7.18
4.79
-0.12
-0.12
-3.88
-5.81
-6.71
-6.71
-6.90
-6.67
-6.67
-4.75
-5.84
-5.88
-5.88
-4.94
-4.08
-4.08
-2.75
0.08
0.08
2.94
6.39
6.39
7.88
7.88
7.49
4.79
4.79
4.59
6.86
6.86
7.85
7.85
3.45
-1.77
-1.77
-5.53
-6.86
-6.86
-6.86
-6.28
-5.73
-5.73
-4.79
-5.69
-5.69
-5.77
-4.82
-4.04
-4.04
-2.43
-0.04
-0.04
3.06
6.00
6.00
7.57
7.53
7.53
5.84
5.84
4.82
5.53
5.53
6.39
4.86
4.86
0.98
0.98
-2.31
-4.71
-4.71
-6.32
-7.18
-7.18
-7.18
-6.12
-4.20
-4.20
-4.67
-5.45
-5.30
-5.30
-3.84
-1.84
-1.84
0.47
3.33
3.33
6.16
7.81
7.81
7.85
7.85
6.16
7.37
7.37
8.08
8.08
4.43
-0.35
-0.35
-3.53
-5.53
-6.43
-6.43
-6.59
-0.94
-0.94
-2.20
-3.49
-5.22
-5.22
-6.55
-6.20
-6.20
-4.04
-0.90
2.20
2.20
4.90
4.90
6.55
8.16
8.16
6.04
6.04
4.82
4.67
4.67
3.61
1.37
1.37
-0.98
-0.98
-3.57
-5.49
-6.55
-6.55
-6.04
-3.92
-3.92
-4.90
-5.14
-5.61
-5.61
-4.71
-3.84
-3.84
-2.12
0.82
4.24
4.24
6.79
6.79
8.04
7.30
7.30
5.81
5.81
7.30
7.85
7.85
4.82
4.82
-0.75
-3.77
-6.12
-6.12
-7.26
-7.41
-7.41
-7.14
-3.92
-4.08
-4.08
-5.02
-5.77
-5.77
-5.53
-4.16
-2.00
-2.00
0.43
3.33
3.33
6.35
6.35
8.24
8.43
8.43
7.14
7.14
7.14
5.77
5.77
2.82
-1.02
-1.02
-2.63
-4.24
-4.24
-6.04
-7.45
-7.88
-7.88
-3.49
-4.63
-4.63
-5.37
-6.00
-5.77
-5.77
-4.90
-2.55
-2.55
1.14
4.16
4.16
6.35
7.85
7.85
7.14
7.14
4.71
4.79
4.79
7.14
7.14
7.96
4.43
4.43
-0.43
-4.47
-4.47
-6.16
-7.53
-7.53
-7.81
-7.14
-4.28
-4.28
-4.51
-5.49
-5.49
-5.53
-4.94
-2.47
-2.47
1.37
5.06
5.06
7.61
7.61
9.34
6.59
6.59
6.08
8.16
8.16
7.34
7.34
2.98
-1.18
-1.18
-4.94
-6.71
-6.71
-7.41
-7.49
-7.61
-7.61
-4.31
-4.82
-4.82
-5.61
-6.32
-6.75
-6.75
-5.65
-2.79
-2.79
-0.12
3.53
6.63
6.63
8.67
8.67
9.89
7.45
7.45
6.94
6.94
7.30
5.69
5.69
1.84
1.84
-2.51
-5.73
-8.08
-8.08
-8.98
-8.43
-8.43
-4.55
-5.41
-6.08
-6.08
-6.94
-6.94
-6.94
-5.26
-0.78
3.80
3.80
8.16
8.16
10.79
10.24
10.24
8.08
8.90
8.90
9.34
6.08
6.08
0.04
0.04
-6.16
-10.59
-13.69
-13.69
-5.10
-2.63
-4.98
-4.98
-7.02
-8.32
-8.32
-8.43
-6.28
-3.57
-3.57
0.35
4.63
4.63
8.24
8.24
10.32
9.34
9.34
5.73
5.84
5.84
7.61
6.24
6.24
1.96
1.96
-2.39
-4.51
-4.51
-6.75
-8.55
-10.20
-10.20
-4.35
-4.59
-6.04
-6.04
-7.14
-6.90
-6.90
-4.71
-0.27
4.35
4.35
8.71
8.71
11.34
10.12
10.12
9.30
9.57
9.57
7.53
1.73
1.73
-2.90
-6.35
-6.35
-9.53
-10.79
-10.47
-10.47
-4.98
-4.20
-4.63
-4.63
-5.26
-4.94
-4.94
-4.16
-2.43
-0.86
-0.86
0.12
1.14
1.14
2.75
2.75
5.92
7.69
7.69
7.18
5.57
5.57
5.73
5.73
5.81
3.57
3.57
-0.35
-2.75
-2.75
-5.02
-7.22
-7.22
-9.34
-4.43
-3.65
-3.65
-4.20
-5.33
-5.33
-5.84
-4.20
0.00
0.00
3.49
3.49
7.22
8.39
8.39
6.47
6.47
5.77
7.65
7.65
8.12
4.20
4.20
-1.14
-1.14
-4.82
-7.61
-10.04
-10.04
-9.26
-4.51
-3.69
-3.69
-4.47
-5.84
-6.75
-6.75
-6.28
-4.35
-4.35
-0.55
3.30
3.30
6.90
9.30
9.30
7.92
7.92
5.18
5.41
5.41
6.00
4.67
4.67
1.65
1.65
-1.02
-3.84
-3.84
-5.81
-7.53
-8.87
-8.87
-2.67
-3.22
-3.22
-4.63
-6.00
-6.47
-6.47
-5.61
-2.24
-2.24
1.02
4.59
4.59
7.37
7.96
7.96
5.37
5.37
2.59
4.51
4.51
8.20
8.20
8.90
5.45
5.45
-0.20
-4.86
-4.86
-7.18
-8.32
-8.32
-8.63
-7.26
-4.24
-4.24
-4.55
-5.84
-5.84
-6.47
-6.04
-4.63
-4.63
-1.29
3.26
3.26
7.22
9.49
9.49
9.22
9.22
4.51
4.00
4.00
5.33
5.69
5.69
2.12
2.12
-2.39
-6.16
-6.16
-8.39
-8.67
-5.33
-5.33
-2.86
-5.61
-5.61
-7.45
-8.20
-7.02
-7.02
-2.86
2.43
2.43
7.14
10.08
10.08
9.57
4.86
4.86
3.92
3.92
7.06
8.28
8.28
6.08
6.08
-0.43
-5.18
-7.18
-7.18
-7.10
-7.88
-7.88
-8.12
-1.02
-3.37
-3.37
-6.35
-8.16
-8.16
-7.92
-5.57
-0.47
-0.47
3.96
7.65
7.65
9.38
9.38
7.61
3.18
3.18
4.04
4.04
6.75
7.45
7.45
4.75
0.55
0.55
-3.45
-3.45
-4.98
-7.22
-8.90
-8.90
-8.47
-3.80
-3.80
-3.88
-5.92
-7.69
-7.69
-7.30
-5.88
-5.88
-4.31
-0.94
2.71
2.71
6.75
6.75
9.77
9.81
9.81
5.84
5.84
4.31
6.08
6.08
7.85
5.81
5.81
1.06
1.06
-3.65
-5.26
-5.26
-6.71
-8.79
-8.32
-8.32
-5.30
-5.33
-5.33
-7.10
-8.51
-7.30
-7.30
-4.94
-1.80
-1.80
2.28
5.88
5.88
9.02
10.55
10.55
7.61
5.73
5.73
7.92
7.92
8.67
4.75
4.75
-0.63
-5.81
-5.81
-9.10
-9.49
-9.49
-20.08
-2.31
-1.84
-1.84
-6.24
-8.43
-8.94
-8.94
-7.53
-5.06
-5.06
-2.79
-0.12
2.98
2.98
7.45
7.45
11.34
10.28
10.28
4.98
3.22
3.22
6.28
9.18
9.18
6.94
6.94
3.80
-2.90
-2.90
-7.02
-7.92
-9.30
-9.30
-9.57
-5.18
-5.18
-5.18
-6.75
-8.28
-8.28
-7.73
-5.77
-5.77
-2.63
0.71
0.71
4.79
7.69
7.69
9.61
8.90
8.90
4.63
4.63
4.20
6.94
6.94
7.85
7.85
5.14
-0.27
-0.27
-5.10
-7.77
-8.51
-8.51
-7.65
-6.90
-6.90
-3.26
-5.18
-6.39
-6.39
-6.94
-6.12
-6.12
-4.51
-2.67
-0.47
-0.47
2.00
5.45
5.45
9.34
9.34
9.77
5.84
5.84
4.59
4.59
6.63
8.28
8.28
5.49
0.59
0.59
-4.39
-4.39
-8.24
-9.53
-9.57
-9.57
-4.08
-3.02
-3.02
-5.41
-6.90
-8.24
-8.24
-6.35
-2.00
-2.00
2.82
7.41
7.41
11.06
10.36
10.36
6.90
4.90
4.90
5.22
5.33
5.33
2.16
2.16
0.20
-3.69
-3.69
-5.41
-6.35
-6.20
-6.20
-5.41
-4.08
-4.08
-3.77
-5.02
-6.35
-6.35
-6.08
-5.06
-5.06
-3.73
-2.20
-0.27
-0.27
2.08
5.26
5.26
8.08
8.08
6.32
5.69
5.69
3.14
3.14
2.67
3.45
3.45
7.45
8.75
8.75
6.67
6.67
1.22
-3.84
-3.84
-7.73
-8.67
-8.67
-7.49
-6.04
-5.53
-5.53
-3.61
-4.08
-4.08
-5.37
-5.61
-5.10
-5.10
-3.45
-0.86
-0.86
2.59
5.57
5.57
8.20
9.22
9.22
7.18
7.18
7.34
7.41
7.41
5.33
0.27
0.27
-3.65
-3.65
-7.88
-9.14
-8.55
-8.55
-4.94
-2.00
-2.00
-5.02
-6.79
-6.98
-6.98
-6.04
-4.24
-4.24
-1.10
2.20
2.20
5.26
8.32
8.32
8.43
4.51
4.51
2.12
2.12
4.35
9.02
9.02
10.12
7.02
7.02
1.45
1.45
-5.37
-6.94
-6.94
-8.94
-10.00
-8.98
-8.98
-2.94
-3.61
-5.88
-5.88
-7.92
-7.77
-7.77
-6.04
-2.79
0.16
0.16
3.18
3.18
6.75
9.57
9.57
9.10
9.10
2.67
2.28
2.28
5.69
9.53
9.53
9.34
9.34
4.86
-2.31
-2.31
-6.94
-7.18
-7.18
-8.51
-9.41
-7.53
-7.53
-3.61
-5.53
-5.53
-7.92
-8.87
-7.81
-7.81
-4.82
-1.80
-1.80
1.02
4.16
4.16
8.67
11.57
11.57
6.75
1.84
1.84
3.33
3.33
7.37
9.73
9.73
8.08
3.57
3.57
-2.43
-2.43
-6.28
-7.45
-9.96
-9.96
-10.00
-7.85
-4.86
-4.86
-6.43
-7.92
-7.92
-8.12
-6.43
-3.77
-3.77
-1.69
0.78
0.78
4.04
8.24
8.24
11.02
11.02
9.49
4.24
4.24
3.96
7.65
7.65
8.24
8.24
5.41
-1.18
-1.18
-7.02
-8.87
-8.67
-8.67
-9.22
-5.33
-5.33
-2.90
-6.63
-8.24
-8.24
-8.36
-6.24
-6.24
-2.86
1.73
1.73
5.53
8.75
8.75
10.75
4.94
4.94
0.59
0.59
2.59
6.28
6.28
7.85
6.83
6.83
3.80
3.80
-0.82
-3.69
-3.69
-3.84
-4.47
-5.73
-5.73
-6.79
-7.22
-7.22
-3.84
-4.98
-6.83
-6.83
-7.77
-7.73
-7.73
-5.92
-3.65
0.78
0.78
4.90
4.90
9.10
18.28
18.28
3.96
0.78
0.78
2.35
2.35
8.16
11.38
11.38
8.39
1.80
1.80
-5.73
-8.94
-8.94
-10.04
-11.85
-7.26
-7.26
-2.63
-5.57
-8.04
-8.04
-8.94
-7.06
-7.06
-2.47
1.84
6.51
6.51
12.32
12.32
8.59
2.16
2.16
2.24
5.14
5.14
8.16
8.16
7.85
4.98
4.98
0.04
-3.37
-3.37
-3.49
-2.86
-2.86
-3.61
-3.65
-20.08
-20.08
-5.41
-2.79
-0.08
-0.08
-1.18
-4.79
-4.79
-9.85
-12.20
-10.59
-5.65
-5.65
-2.43
1.14
1.14
3.77
3.77
7.14
11.34
11.34
10.51
3.30
3.30
-3.80
0.27
0.27
2.79
8.28
8.28
3.33
3.33
1.41
0.94
0.94
-0.39
-1.92
-1.92
-2.28
-1.84
-1.84
-0.78
-0.43
-0.67
-0.67
-0.67
-0.47
-0.47
-0.12
0.12
0.04
0.04
-0.20
-0.20
-0.43
-0.39
-0.16
-0.16
0.24
0.55
0.55
0.59
0.59
0.39
0.12
0.12
-0.31
-0.59
-0.59
-0.47
-0.35
0.00
0.00
0.08
0.08
0.00
-0.31
-0.31
-0.47
-0.08
-0.08
0.39
0.35
0.35
0.12
0.08
0.08
0.08
0.08
0.16
0.16
0.16
0.16
0.16
0.04
0.00
0.00
0.08
0.12
0.12
0.04
0.04
0.08
0.04
0.04
0.04
0.04
0.04
0.08
0.08
0.04
0.08
0.08
0.00
0.00
0.04
0.04
0.04
0.04
0.04
0.04
0.04
0.04
0.04
0.04
0.04
0.08
0.08
0.08
0.08
0.08
0.08
0.08
0.04
0.04
0.04
0.04
0.04
0.08
0.08
0.08
0.04
0.04
0.00
0.04
0.04
0.04
0.04
0.04
0.04
0.04
0.08
0.04
0.04
0.04
0.04
0.04
0.04
0.04
0.08
0.04
0.04
0.04
0.04
0.04
0.00
0.00
0.08
0.08
0.04
0.04
0.04
0.04
0.04
0.00
-0.08
-0.08
0.00
0.16
0.16
0.39
0.20
0.20
0.04
0.04
0.00
-0.04
-0.04
0.00
0.04
0.04
0.04
0.04
0.04
0.04
0.04
0.12
0.16
0.16
0.08
0.08
0.00
0.04
0.04
0.04
0.04
0.08
0.08
0.08
0.04
0.04
0.04
0.04
0.04
0.08
0.04
0.04
0.08
0.08
0.08
0.04
0.04
0.04
0.04
0.04
0.04
0.04
0.04
0.08
0.08
0.08
0.08
0.08
0.04
0.04
0.00
0.00
-0.04
0.16
0.16
0.47
-0.63
-0.63
-0.47
-0.16
-0.16
-0.20
0.00
0.43
0.43
0.47
0.47
0.00
-0.51
-0.51
-0.59
-0.12
-0.12
0.39
1.45
1.45
0.67
-0.20
-0.20
0.16
0.94
0.94
1.22
1.22
1.37
1.29
1.29
1.02
0.39
0.39
-0.47
-0.47
-0.71
-0.67
-0.31
-0.31
-0.24
-0.43
-0.43
-1.02
-2.24
-0.27
-0.27
0.98
0.27
0.27
-0.55
-1.33
-1.33
-1.57
-1.69
-1.69
-1.14
-0.39
0.00
0.00
0.12
0.12
-0.04
0.20
0.20
0.43
0.75
0.75
1.06
1.06
1.80
1.33
1.33
0.24
0.51
0.51
1.22
1.22
1.49
1.06
1.06
0.43
0.43
-0.27
-0.47
-0.47
-0.35
-0.12
0.08
0.08
0.00
0.00
-0.16
-0.51
-0.51
-0.59
-0.39
-0.47
-0.47
-1.65
0.00
0.00
0.90
0.27
0.27
-0.75
-0.98
-0.98
-0.47
0.20
0.20
0.59
0.78
0.78
0.31
0.31
-0.71
-1.77
-1.77
-2.12
-1.45
-0.20
-0.20
0.51
0.78
0.78
0.43
0.43
0.27
0.86
0.86
1.37
1.37
1.61
-0.67
-0.67
-1.53
-0.75
0.24
0.24
0.94
0.94
1.22
1.14
1.14
0.59
0.59
0.67
0.59
0.59
0.00
-0.08
-0.08
-0.08
-0.16
-0.16
-0.04
0.04
0.04
0.08
0.24
0.24
0.39
0.39
0.24
0.00
0.00
-0.16
-0.82
-0.82
-0.43
0.82
0.82
1.33
0.63
0.63
0.20
0.20
0.08
0.31
0.31
0.75
1.61
1.61
1.49
1.49
0.71
-0.67
-0.67
-2.08
-3.14
-3.14
-2.90
-2.04
-1.14
-1.14
-0.20
0.27
0.27
0.55
0.90
0.90
1.26
1.26
1.92
0.35
0.35
-0.67
-0.43
-0.43
0.35
0.94
0.94
1.14
1.14
0.90
0.47
0.47
-0.16
-0.51
-0.51
-0.47
-0.35
-0.35
-0.04
0.51
0.51
0.78
0.55
0.55
0.31
0.27
0.27
0.24
0.24
0.04
-0.16
-0.16
-0.20
-0.71
-0.71
0.08
0.12
0.12
-0.04
-0.16
-0.16
-0.39
-0.08
-0.24
-0.24
-0.82
-1.53
-1.53
-2.24
-2.20
-1.61
-1.61
-0.43
0.86
0.86
2.08
1.61
1.61
0.55
0.55
0.08
0.31
0.31
1.26
1.26
2.35
2.75
2.75
2.90
1.92
1.92
0.31
0.31
-0.71
-0.86
-0.86
-0.39
0.16
0.16
0.59
0.43
0.43
-0.12
-1.02
-1.02
-2.08
-2.79
-2.79
-2.63
-1.26
-0.90
-0.90
-0.67
-0.75
-0.75
-0.71
-0.47
-0.98
-0.98
-1.37
-1.96
-1.96
-2.16
-2.12
-0.94
-0.94
0.47
2.24
2.24
3.14
3.10
3.10
3.22
3.22
3.84
4.43
4.43
4.47
4.47
3.30
0.75
0.75
-1.29
-3.14
-3.14
-3.30
-3.06
-3.06
-3.41
-1.37
-1.06
-1.06
-1.77
-2.63
-2.63
-3.57
-3.33
-2.79
-2.79
-1.57
0.43
0.43
2.35
3.96
3.96
4.35
4.35
3.65
3.30
3.30
2.98
2.98
3.61
3.69
3.69
2.12
0.55
0.55
-1.10
-1.10
-2.35
-3.57
-4.20
-4.20
-4.08
-3.69
-3.69
-2.16
-1.41
-1.61
-1.61
-2.24
-2.55
-2.55
-2.51
-2.16
-1.84
-1.84
-1.37
-0.55
-0.55
1.02
2.51
2.51
3.53
4.12
4.12
3.10
3.10
1.65
2.04
2.04
3.10
4.28
4.28
4.00
4.00
2.24
-0.43
-0.43
-2.63
-4.31
-4.31
-4.86
-4.24
-3.10
-3.10
-1.96
-1.80
-1.80
-2.20
-2.39
-2.71
-2.71
-2.24
-1.88
-1.88
-1.33
0.16
0.16
1.37
2.67
2.67
3.33
3.84
3.84
3.37
3.37
2.04
2.55
2.55
3.96
3.96
4.86
3.80
3.80
1.06
1.06
-1.53
-3.30
-4.31
-4.31
-4.43
-4.39
-4.39
-4.35
-2.16
-2.04
-2.04
-2.71
-3.22
-3.22
-3.18