134.15
258.237
-141.569
47.691
84.942
-21.555
-32.971
-73.269
-52.248
5.166
53.271
-100.657
46.877
86.286
-74.911
-60.886
106.756
151.28
-81.983
-72.967
-55.897
-13.405
86.971
13.534
-67.144
-46.851
108.809
-42.853
-40.886
81.242
30.732
-77.402
-81.342
121.784
7.5
19.437
-60.921
-0.77
45.842
93.369
1.453
-165.05
-17.626
57.591
-0.455
-46.997
38.724
36.709
-44.602
-43.842
18.623
95.633
-1.076
-44.542
-65.075
9.24
51.561
-31.733
-10.508
-11.779
61.584
-46.491
59.983
47.409
10.855
13.768
-83.635
9.616
14.216
38.284
-100.659
-93.897
122.364
29.69
-60.216
-37.837
114.44
6.285
-7.198
2.537
-36.785
-45.228
56.723
-33.632
-73.526
83.62
37.604
-70.467
-28.595
153.952
45.935
-69.645
-34.312
29.814
7.782
-8.223
-48.643
-68.573
42.32
114.956
-125.067
-48.622
-20.604
62.11
48.368
-10.373
-38.853
-38.461
43.202
-42.416
93.213
50.411
88.904
31.903
-99.193
138.785
7.67
-7.211
-191.236
-256.312
-175.324
273.809
241.135
-32.252
4.376
-449.206
-1.355
-70.699
199.714
283.864
228.329
104.476
2.911
27.316
-272.358
-237.986
156.332
70.648
-198.21
-37.023
60.61
-27.959
76.225
-127.709
116.795
-34.576
-2.322
13.592
14.76
-37.767
-88.266
51.62
115.029
111.611
56.597
-32.909
-114.608
-18.702
112.646
-128.094
68.112
-56.121
-14.693
-74.489
59.644
-65.627
122.757
-28.796
-133.144
204.733
-4.052
26.309
-101.6
-113.451
45.83
106.11
21.345
-91.434
43.848
78.158
-38.431
-101.249
-47.368
17.41
8.163
-11.821
28.327
100.413
15.711
-10.598
40.841
63.229
-12.596
-184.32
-61.122
11.452
-40.632
118.804
7.905
-18.72
107.769
9.014
-135.692
93.87
108.473
-108.884
-160.249
-18.294
40.069
69.193
18.684
-17.343
-29.067
143.789
-33.75
27.468
-40.075
-26.887
-54.402
18.941
66.934
-44.857
-11.188
-102.373
-10.304
219.283
87.433
-174.161
-248.804
85.772
74.509
115.357
104.62
-58.993
42.304
-34.925
31.621
-119.36
90.522
-138.84
13.948
-440.122
102.483
294.382
-70.857
251.716
83.406
-314.251
342.997
-249.18
11.193
400.626
-128.233
59.25
18.446
-235.106
-113.204
-334.805
-137.701
205.55
209.72
-186.315
-96.856
373.104
171.884
-90.972
149.843
-77.146
-174.185
220.169
66.571
-231.775
-50.921
70.827
-168.003
114.385
146.857
-70.277
-101.256
-7.142
-82.246
57.053
37.317
-109.406
-26.005
110.288
54.617
-97.038
84.729
-0.11
-35.426
114.194
99.097
32.383
-107.234
-76.206
-87.863
43.308
116.101
-18.403
-122.026
52.151
-54.619
42.727
-6.28
93.346
29.095
-204.896
132.937
60.292
42.569
-95.711
-55.267
-82.442
-3.682
105.056
-106.731
-113.458
-56.704
163.393
113.594
-30.922
149.981
40.427
-18.305
33.871
102.706
-37.489
-115.072
-155.287
-71.17
42.429
33.708
-82.848
-20.784
109.976
38.104
74.353
-60.57
-30.055
-7.407
-59.515
-15.784
-39.374
244.89
-74.624
-76.175
29.064
-9.36
149.399
-114.64
-37.308
-88.83
154.509
113.617
-162.348
88.473
-180.577
158.609
-183.065
254.986
-6.918
53.991
-141.421
-175.353
261.801
-33.089
-109.991
31.054
-353.489
290.501
48.856
31.084
7.957
-162.448
-35.517
3.203
87.753
114.547
-108.475
157.488
115.115
-73.069
36.937
-85.926
3.076
13.113
-32.994
-12.363
-197.107
7.084
-33.635
78.128
52.813
68.962
-15.999
-18.669
11.267
-127.116
98.646
31.302
-91.496
-37.405
67.524
105.846
88.523
18.625
-69.736
-19.346
-115.519
59.053
180.764
-86.041
-140.424
-79.174
-13.411
72.873
156.788
-77.248
-89.191
81.371
138.816
-70.037
-63.822
-79.546
-48.305
208.978
-34.456
-37.009
-65.618
39.673
-52.806
24.838
128.157
-81.041
-96.712
-45.647
90.355
-17.899
5.473
53.703
34.021
14.771
-61.936
87.542
65.355
44.771
-61.497
-98.772
-58.952
-16.207
102.462
-164.157
-55.488
19.869
119.588
53.082
-43.71
-0.032
4.902
79.078
2.085
-36.436
-50.839
-19.578
-10.477
46.248
76.873
-151.345
43.943
-96.085
94.693
165.289
-39.593
-26.709
-48.213
80.231
-81.038
-2.842
-51.924
66.248
-115.77
10.079
-6.579
-47.939
-1.591
62.137
76.972
-41.77
60.388
34.003
-111.963
103.732
106.455
-100.585
44.743
-51.249
-105.645
-50.614
-56.07
187.104
45.391
-88.373
-82.004
-129.959
124.496
189.433
-25.474
-109.93
-45.291
66.208
66.156
10.852
47.574
-66.094
-99.325
-3.676
35.138
126.552
53.289
-114.703
-89.625
36.867
-66.986
79.314
-13.455
-79.74
24.815
17.078
38.546
-36.66
133.576
10.699
-28.905
-51.606
52.682
39.926
-93.787
16.016
-1.799
-30.492
-38.913
83.976
-20.652
-119.652
15.337
106.8
26.231
-11.383
-47.067
-32.591
106.685
58.18
-61.963
-75.788
-16.657
63.947
-63.31
-12.51
6.078
63.504
11.652
55.668
45.905
-92.49
12.74
-28.853
50.76
-16.086
-32.297
-62.409
-64.379
99.359
-6.909
-57.815
-37.651
70.619
44.623
-25.75
-33.636
81.497
94.534
-44.073
-51.48
56.285
61.96
-39.841
-125.174
-137.403
9.721
82.098
46.336
52.072
-100.601
23.509
96.835
34.293
58.434
82.845
-112.244
-201.746
-82.012
63.285
153.07
-110.629
-188.543
90.679
194.767
97.355
-42.191
-33.916
-76.439
66.236
76.672
-35.087
17.004
30.432
-127.556
93.137
-17.947
-78.012
-54.229
-116.843
102.254
-46.703
-29.692
153.924
63.655
-11.416
-135.467
10.617
76.99
55.448
105.058
-33.442
-66.345
48.754
-57.583
-66.351
-34.016
49.888
-10.397
-17.199
7.355
-94.998
12.0
70.01
59.662
-21.056
-35.916
41.619
-61.773
-31.043
138.221
69.392
-134.216
-2.402
91.365
111.961
-92.649
-6.008
-33.333
-97.364
-35.617
-21.521
145.901
-137.501
-80.499
98.365
-7.538
-25.399
94.803
122.988
25.305
-8.848
-4.661
-56.458
-117.872
64.163
-10.283
-106.477
87.097
49.125
-25.267
-50.301
16.364
14.845
136.551
41.417
-195.367
-86.64
64.318
72.282
-61.892
0.937
-3.231
-20.497
21.0
71.953
55.455
-60.453
5.082
-20.134
-34.171
11.269
28.834
-44.485
-40.499
73.563
73.781
8.111
-125.086
-9.849
29.365
64.621
-9.918
10.684
0.158
-80.13
36.164
-28.327
137.668
-138.867
-50.94
-80.694
35.847
67.027
19.237
72.597
-60.199
22.518
37.49
18.078
112.395
-28.118
-55.505
-76.807
-10.2
81.403
-77.048
-119.648
36.21
82.758
-10.546
31.793
-92.345
-99.344
77.492
180.591
-62.923
-10.754
43.87
-39.962
-11.581
67.073
120.572
-227.928
-48.666
93.218
-50.56
38.037
48.395
-16.069
-166.0
31.4
111.509
67.51
-12.032
19.758
-56.467
-99.537
75.007
24.215
54.66
-7.457
-90.69
-28.528
8.299
86.125
-23.042
1.131
-9.223
-23.82
-4.3
34.524
-33.991
-123.126
66.317
83.394
18.455
4.004
-32.78
-35.218
89.804
46.585
6.194
-86.724
-24.609
59.909
-10.19
27.464
-46.139
-124.52
21.147
59.511
1.348
-54.308
74.167
4.185
-10.021
-8.085
5.962
3.616
-50.755
40.432
47.772
-17.086
28.752
14.344
-63.007
-8.104
72.153
-7.571
-80.578
-8.622
-70.825
-14.783
105.236
69.486
-83.923
-11.218
38.197
2.512
2.159
72.958
-18.078
-46.281
-71.535
-8.894
34.137
61.235
-53.456
12.766
-86.469
110.007
7.638
-6.59
-92.633
-13.493
30.69
173.394
-86.86
-9.68
61.606
-15.301
-19.442
12.323
0.799
-90.596
-63.907
79.411
-94.824
25.961
113.811
-7.475
-100.757
-50.102
125.629
72.957
-7.15
41.268
-77.031
-55.462
71.084
53.211
-19.574
-75.668
-36.78
-1.493
-33.231
76.296
-66.739
5.062
58.843
-20.162
-51.989
25.155
121.492
18.727
-13.053
-66.428
17.776
-25.112
-14.341
38.844
-16.355
18.542
-67.862
-59.713
8.779
89.186
10.823
-24.155
-35.532
-28.27
84.086
23.631
6.845
-75.062
41.076
6.844
-69.747
109.577
36.022
26.452
-108.541
-26.67
16.91
-10.395
6.071
15.945
-19.448
-81.219
61.928
-33.873
92.914
-39.956
2.51
-25.747
80.298
63.807
-116.885
-58.35
53.78
81.107
2.612
28.298
-81.503
-92.587
51.233
32.865
9.267
39.834
-21.66
-88.749
-9.211
70.195
25.07
36.776
-29.223
-78.348
-16.514
41.484
18.596
56.636
19.355
-31.073
-86.722
-31.771
-4.861
64.559
15.674
5.511
-56.91
62.252
12.988
47.003
-14.811
-13.111
-35.729
22.27
5.351
-15.07
-111.823
87.255
14.221
-48.797
-2.374
-0.99
40.87
14.374
-15.196
-2.994
-33.556
40.474
79.007
-75.215
-110.06
43.74
100.599
68.532
-24.724
-78.334
-42.499
43.654
49.519
-16.837
-13.79
-35.526
-23.977
-41.959
17.041
83.499
-8.256
-55.266
6.415
-38.959
68.469
82.004
32.443
-42.641
-83.151
11.433
14.626
12.59
67.124
-56.583
-92.269
-49.507
74.166
22.378
23.555
1.117
11.514
-51.39
-16.536
72.388
32.875
-8.781
-71.189
-4.224
-10.993
56.641
-63.469
36.211
46.372
0.599
0.502
-79.886
46.114
32.242
23.385
-52.763
-45.448
34.347
-4.105
-48.274
-15.845
37.221
-17.296
32.053
13.714
-50.25
23.764
55.29
82.971
-33.793
-18.664
-77.219
12.269
-29.806
107.641
-38.276
-65.569
-42.342
40.23
11.842
-48.408
64.651
70.247
-22.578
-40.582
-15.719
29.598
-34.007
58.399
-10.837
-37.828
-86.012
20.163
23.214
52.009
104.039
-65.658
-50.307
-63.866
136.092
-23.275
44.505
-20.739
-80.321
-6.455
21.613
-12.892
-89.686
70.739
41.467
-11.058
-68.344
113.621
21.88
-48.087
-6.546
-0.967
63.882
-1.123
15.866
-4.411
-114.691
1.684
52.252
63.659
-118.211
-59.182
-17.706
96.099
43.237
96.891
-38.834
-133.695
7.245
63.014
47.737
-31.344
-1.924
-25.349
-43.816
26.393
32.473
74.179
-72.805
-52.124
13.885
33.916
-8.177
12.111
-38.128
8.998
-29.26
-47.213
-5.323
102.861
49.537
-20.479
-50.301
15.909
45.075
-7.822
9.844
9.07
-49.854
-34.93
22.437
-9.846
-8.427
-8.487
76.39
-63.871
-55.093
32.02
23.736
42.697
28.338
-7.635
-81.45
-32.574
93.479
102.235
-107.783
-67.001
33.093
43.933
-22.358
-38.094
28.093
-26.742
26.749
66.932
-61.538
-11.166
46.93
33.363
-15.322
-15.257
-32.822
-48.448
-62.601
27.069
46.491
56.308
8.008
2.479
-63.284
5.704
38.054
68.072
4.459
-31.786
-32.603
-87.257
70.772
31.623
39.68
-44.946
-37.327
-40.005
32.99
55.628
10.307
-29.599
-29.239
-50.304
-2.768
54.71
-14.629
4.403
28.143
9.104
45.014
-38.109
18.708
22.913
12.74
7.641
-30.719
19.948
-65.769
29.89
-62.018
-15.65
-43.521
69.286
57.534
-101.165
-19.21
38.998
73.337
-32.96
41.524
-21.134
-22.854
8.231
51.381
60.015
-60.402
16.495
-64.214
-26.704
-22.275
53.672
-0.567
-14.768
-3.448
-39.954
5.335
-21.522
67.387
38.692
-57.039
-21.726
-36.722
69.601
0.497
43.805
-42.389
-10.07
-50.233
60.191
51.289
8.867
35.045
-121.748
-25.668
14.352
57.215
-42.251
-11.607
53.904
-48.043
-38.69
11.674
100.606
5.821
-38.918
-26.276
-46.155
25.057
42.315
81.454
-73.81
-73.603
34.452
48.814
-56.977
-13.3
60.327
-41.411
-14.992
81.824
-2.904
-84.355
14.899
68.446
19.377
-48.214
-14.212
-14.266
2.261
-13.597
-0.035
17.575
11.141
-1.987
-56.986
-8.544
86.803
101.007
-53.109
-76.433
-19.27
-13.132
47.939
31.397
61.679
-84.969
-20.685
-69.187
34.108
46.585
53.563
-46.19
-36.42
-27.915
8.092
66.255
-14.259
7.427
18.456
-39.209
-9.434
16.617
68.768
-24.68
37.807
-37.219
-33.915
-42.421
7.058
27.664
-36.04
-14.595
-3.481
50.795
-13.547
33.451
-65.256
-10.978
63.775
34.53
61.798
-91.661
55.607
-19.668
-7.089
-14.518
-18.316
-11.946
-34.625
26.554
-87.148
19.672
58.022
63.624
-61.242
-85.955
85.528
84.547
51.196
-19.888
-0.598
-133.042
25.508
21.529
55.394
12.288
-90.849
-13.973
-66.681
80.841
31.515
6.75
-42.049
-64.035
39.362
14.673
78.589
-32.991
23.075
-18.929
-57.507
16.952
62.212
28.904
-48.038
30.875
-45.742
23.275
-43.825
27.404
-8.906
-3.484
15.805
-63.132
81.445
5.483
-79.535
-20.072
78.452
6.715
-95.638
33.162
43.039
11.582
34.44
28.719
-72.173
-43.198
67.863
18.986
-33.787
-45.855
56.324
-14.512
-44.253
37.696
2.121
-32.909
25.461
58.078
-29.989
-37.445
-27.749
7.928
48.003
17.015
-19.105
-81.28
20.52
25.788
63.75
56.735
5.438
-94.214
-89.038
39.937
98.408
45.686
-49.23
-88.403
-33.454
14.259
58.723
16.324
-4.119
-7.7
-34.418
-32.906
41.083
65.911
-3.223
-13.757
-87.239
-23.137
115.471
65.665
-106.531
-78.421
105.897
64.208
-20.705
-33.468
-11.052
-64.244
24.337
76.099
-25.756
2.458
-65.623
-21.691
0.29
34.298
4.572
-31.71
25.27
-8.754
42.967
-21.823
74.138
21.348
-38.413
10.291
-49.679
38.999
4.738
15.815
-78.188
-14.185
-9.105
-42.191
-27.294
30.816
136.063
-55.889
-14.155
-43.336
54.006
75.019
-16.381
-8.151
-39.513
34.565
-94.498
36.159
51.535
11.101
-69.736
-97.586
27.353
59.338
83.261
-19.522
-11.365
-72.483
8.052
74.46
-23.171
18.347
-56.744
52.556
-36.883
67.657
-25.057
-0.912
-39.386
13.513
66.082
-57.491
-19.381
-3.899
47.335
-52.262
-52.661
58.829
-3.603
1.369
-108.055
90.726
55.599
11.839
1.841
-65.976
-65.835
16.861
193.572
-78.423
-18.581
-42.217
17.969
-41.772
66.983
62.807
-29.221
-40.252
-111.733
12.363
92.361
100.435
-58.03
-95.274
-47.241
28.225
24.431
-7.967
24.839
19.759
-13.534
8.106
-44.143
70.98
6.875
35.148
-21.366
-12.321
-45.48
12.322
40.1
-35.857
-50.963
12.137
32.011
-17.925
-29.714
45.429
-38.414
18.461
32.914
4.204
-80.181
56.285
70.065
-70.314
-61.151
53.243
83.946
-50.937
-14.267
-10.004
-31.542
49.875
43.816
8.573
-84.998
30.496
-47.605
-15.013
58.08
47.154
-37.963
-131.98
47.238
69.821
44.874
-0.034
-4.925
-96.486
-12.522
118.76
48.047
12.28
-42.985
-54.799
-51.388
22.98
30.081
-21.257
7.486
-81.742
34.457
-13.425
36.045
51.215
1.486
7.443
-115.643
80.074
87.094
34.961
-101.746
-1.457
21.779
-25.052
-3.553
-77.512
48.884
-6.412
101.834
-39.074
-94.606
14.435
18.67
46.402
-44.772
71.04
-60.524
-10.239
14.992
16.175
4.295
7.015
39.254
-121.357
74.814
-2.569
31.516
-26.491
23.832
-8.506
-96.491
47.958
8.589
39.64
-2.381
29.839
-14.514
-75.636
-12.877
6.065
120.153
-69.085
-33.908
-40.912
9.524
15.008
25.115
70.519
-29.069
4.151
-65.188
19.082
2.546
87.329
83.868
-121.783
-75.219
-34.683
140.264
-12.723
-32.894
-64.382
-31.715
13.773
25.484
26.404
-53.215
55.311
-2.934
33.654
41.752
37.471
-19.437
-43.391
21.87
-31.143
11.652
18.631
-23.82
-81.722
-55.679
111.529
-21.454
10.825
-20.14
-20.126
-30.497
84.995
85.952
-34.77
-9.296
-26.51
8.448
-33.007
45.664
18.777
-47.676
2.228
-39.987
25.596
33.677
21.911
-58.695
-46.59
45.274
-2.674
-10.571
-5.816
66.274
6.043
-18.349
-46.619
-47.867
48.71
49.469
68.568
-49.841
-53.245
-10.476
14.552
81.439
-9.254
-24.664
-59.851
2.274
-34.465
47.746
59.712
-56.426
-36.272
-40.861
37.557
-4.375
84.333
27.635
-74.028
-14.873
2.917
86.509
-69.873
19.462
-28.877
61.236
17.676
-14.333
-43.254
-58.405
83.364
-18.543
43.844
-47.278
-26.192
-46.171
8.888
121.632
-21.136
7.923
-91.569
-46.762
10.353
133.257
94.615
-127.081
-70.174
-31.602
142.086
-36.351
67.452
-13.5
-65.615
-18.901
-24.747
68.908
-32.98
41.852
-72.296
20.201
-35.522
37.89
64.853
-52.323
-12.254
-67.632
88.298
-40.071
-6.565
-3.962
30.446
56.966
-17.986
32.276
-71.47
22.74
9.644
74.955
-22.259
-96.227
-36.785
7.687
101.888
-104.858
-49.978
20.981
51.804
-33.146
35.193
104.794
-52.981
-34.053
20.628
91.474
-3.291
-27.165
-25.084
-81.667
26.527
48.959
36.974
-135.478
-78.724
79.754
8.27
47.848
-12.43
13.429
-91.286
29.136
94.895
55.168
4.782
-62.976
-32.624
-33.369
77.69
31.232
46.399
-61.07
-116.052
-24.655
23.77
103.36
-48.655
-34.124
-23.279
32.631
70.059
-63.029
-16.614
-3.519
73.823
-37.61
-12.632
-6.405
-8.334
26.413
37.782
65.894
-111.454
-14.585
12.486
-12.58
9.312
42.534
27.951
-140.739
21.758
47.994
21.423
12.377
40.142
-27.684
-101.958
22.113
42.051
34.159
-66.421
0.088
-8.19
-2.989
64.31
-19.255
24.881
-14.334
60.502
-75.899
-17.196
48.413
-13.93
8.669
-38.304
29.389
-63.649
-38.618
21.33
31.916
79.535
-24.826
1.971
-101.041
34.078
73.003
117.473
-73.692
-95.267
38.667
-15.864
33.805
-45.199
97.515
-113.343
-38.066
-1.518
54.617
57.919
-61.126
57.051
-85.134
19.851
23.884
33.027
-31.333
-60.542
54.56
-26.948
63.976
-12.148
24.098
-57.368
2.392
32.307
31.546
42.299
-108.762
11.791
-21.225
52.138
-12.828
-40.857
15.734
-56.763
5.547
-8.953
121.344
-37.515
-42.004
-8.212
35.127
52.982
-35.765
41.76
-21.56
41.029
-57.069
0.183
4.7
-7.862
33.341
-30.231
-30.728
-104.193
86.621
5.947
46.429
1.537
3.829
-7.53
-88.358
88.076
57.037
-10.668
-16.201
-25.34
-28.338
-40.305
79.281
9.713
41.538
-93.5
-34.679
6.663
77.302
65.293
-75.37
-63.553
-0.979
47.95
-17.497
-5.379
39.582
-19.09
-8.066
26.31
-8.066
-19.09
39.582
-5.379
-17.497
47.95
-0.979
-63.553
-75.37
65.293
77.302
6.663
-34.679
-93.5
41.538
9.713
79.281
-40.305
-28.338
-25.34
-16.201
-10.668
57.037
88.076
-88.358
-7.53
3.829
1.537
46.429
5.947
86.621
-104.193
-30.728
-30.231
33.341
-7.862
4.7
0.183
-57.069
41.029
-21.56
41.76
-35.765
52.982
35.127
-8.212
-42.004
-37.515
121.344
-8.953
5.547
-56.763
15.734
-40.857
-12.828
52.138
-21.225
11.791
-108.762
42.299
31.546
32.307
2.392
-57.368
24.098
-12.148
63.976
-26.948
54.56
-60.542
-31.333
33.027
23.884
19.851
-85.134
57.051
-61.126
57.919
54.617
-1.518
-38.066
-113.343
97.515
-45.199
33.805
-15.864
38.667
-95.267
-73.692
117.473
73.003
34.078
-101.041
1.971
-24.826
79.535
31.916
21.33
-38.618
-63.649
29.389
-38.304
8.669
-13.93
48.413
-17.196
-75.899
60.502
-14.334
24.881
-19.255
64.31
-2.989
-8.19
0.088
-66.421
34.159
42.051
22.113
-101.958
-27.684
40.142
12.377
21.423
47.994
21.758
-140.739
27.951
42.534
9.312
-12.58
12.486
-14.585
-111.454
65.894
37.782
26.413
-8.334
-6.405
-12.632
-37.61
73.823
-3.519
-16.614
-63.029
70.059
32.631
-23.279
-34.124
-48.655
103.36
23.77
-24.655
-116.052
-61.07
46.399
31.232
77.69
-33.369
-32.624
-62.976
4.782
55.168
94.895
29.136
-91.286
13.429
-12.43
47.848
8.27
79.754
-78.724
-135.478
36.974
48.959
26.527
-81.667
-25.084
-27.165
-3.291
91.474
20.628
-34.053
-52.981
104.794
35.193
-33.146
51.804
20.981
-49.978
-104.858
101.888
7.687
-36.785
-96.227
-22.259
74.955
9.644
22.74
-71.47
32.276
-17.986
56.966
30.446
-3.962
-6.565
-40.071
88.298
-67.632
-12.254
-52.323
64.853
37.89
-35.522
20.201
-72.296
41.852
-32.98
68.908
-24.747
-18.901
-65.615
-13.5
67.452
-36.351
142.086
-31.602
-70.174
-127.081
94.615
133.257
10.353
-46.762
-91.569
7.923
-21.136
121.632
8.888
-46.171
-26.192
-47.278
43.844
-18.543
83.364
-58.405
-43.254
-14.333
17.676
61.236
-28.877
19.462
-69.873
86.509
2.917
-14.873
-74.028
27.635
84.333
-4.375
37.557
-40.861
-36.272
-56.426
59.712
47.746
-34.465
2.274
-59.851
-24.664
-9.254
81.439
14.552
-10.476
-53.245
-49.841
68.568
49.469
48.71
-47.867
-46.619
-18.349
6.043
66.274
-5.816
-10.571
-2.674
45.274
-46.59
-58.695
21.911
33.677
25.596
-39.987
2.228
-47.676
18.777
45.664
-33.007
8.448
-26.51
-9.296
-34.77
85.952
84.995
-30.497
-20.126
-20.14
10.825
-21.454
111.529
-55.679
-81.722
-23.82
18.631
11.652
-31.143
21.87
-43.391
-19.437
37.471
41.752
33.654
-2.934
55.311
-53.215
26.404
25.484
13.773
-31.715
-64.382
-32.894
-12.723
140.264
-34.683
-75.219
-121.783
83.868
87.329
2.546
19.082
-65.188
4.151
-29.069
70.519
25.115
15.008
9.524
-40.912
-33.908
-69.085
120.153
6.065
-12.877
-75.636
-14.514
29.839
-2.381
39.64
8.589
47.958
-96.491
-8.506
23.832
-26.491
31.516
-2.569
74.814
-121.357
39.254
7.015
4.295
16.175
14.992
-10.239
-60.524
71.04
-44.772
46.402
18.67
14.435
-94.606
-39.074
101.834
-6.412
48.884
-77.512
-3.553
-25.052
21.779
-1.457
-101.746
34.961
87.094
80.074
-115.643
7.443
1.486
51.215
36.045
-13.425
34.457
-81.742
7.486
-21.257
30.081
22.98
-51.388
-54.799
-42.985
12.28
48.047
118.76
-12.522
-96.486
-4.925
-0.034
44.874
69.821
47.238
-131.98
-37.963
47.154
58.08
-15.013
-47.605
30.496
-84.998
8.573
43.816
49.875
-31.542
-10.004
-14.267
-50.937
83.946
53.243
-61.151
-70.314
70.065
56.285
-80.181
4.204
32.914
18.461
-38.414
45.429
-29.714
-17.925
32.011
12.137
-50.963
-35.857
40.1
12.322
-45.48
-12.321
-21.366
35.148
6.875
70.98
-44.143
8.106
-13.534
19.759
24.839
-7.967
24.431
28.225
-47.241
-95.274
-58.03
100.435
92.361
12.363
-111.733
-40.252
-29.221
62.807
66.983
-41.772
17.969
-42.217
-18.581
-78.423
193.572
16.861
-65.835
-65.976
1.841
11.839
55.599
90.726
-108.055
1.369
-3.603
58.829
-52.661
-52.262
47.335
-3.899
-19.381
-57.491
66.082
13.513
-39.386
-0.912
-25.057
67.657
-36.883
52.556
-56.744
18.347
-23.171
74.46
8.052
-72.483
-11.365
-19.522
83.261
59.338
27.353
-97.586
-69.736
11.101
51.535
36.159
-94.498
34.565
-39.513
-8.151
-16.381
75.019
54.006
-43.336
-14.155
-55.889
136.063
30.816
-27.294
-42.191
-9.105
-14.185
-78.188
15.815
4.738
38.999
-49.679
10.291
-38.413
21.348
74.138
-21.823
42.967
-8.754
25.27
-31.71
4.572
34.298
0.29
-21.691
-65.623
2.458
-25.756
76.099
24.337
-64.244
-11.052
-33.468
-20.705
64.208
105.897
-78.421
-106.531
65.665
115.471
-23.137
-87.239
-13.757
-3.223
65.911
41.083
-32.906
-34.418
-7.7
-4.119
16.324
58.723
14.259
-33.454
-88.403
-49.23
45.686
98.408
39.937
-89.038
-94.214
5.438
56.735
63.75
25.788
20.52
-81.28
-19.105
17.015
48.003
7.928
-27.749
-37.445
-29.989
58.078
25.461
-32.909
2.121
37.696
-44.253
-14.512
56.324
-45.855
-33.787
18.986
67.863
-43.198
-72.173
28.719
34.44
11.582
43.039
33.162
-95.638
6.715
78.452
-20.072
-79.535
5.483
81.445
-63.132
15.805
-3.484
-8.906
27.404
-43.825
23.275
-45.742
30.875
-48.038
28.904
62.212
16.952
-57.507
-18.929
23.075
-32.991
78.589
14.673
39.362
-64.035
-42.049
6.75
31.515
80.841
-66.681
-13.973
-90.849
12.288
55.394
21.529
25.508
-133.042
-0.598
-19.888
51.196
84.547
85.528
-85.955
-61.242
63.624
58.022
19.672
-87.148
26.554
-34.625
-11.946
-18.316
-14.518
-7.089
-19.668
55.607
-91.661
61.798
34.53
63.775
-10.978
-65.256
33.451
-13.547
50.795
-3.481
-14.595
-36.04
27.664
7.058
-42.421
-33.915
-37.219
37.807
-24.68
68.768
16.617
-9.434
-39.209
18.456
7.427
-14.259
66.255
8.092
-27.915
-36.42
-46.19
53.563
46.585
34.108
-69.187
-20.685
-84.969
61.679
31.397
47.939
-13.132
-19.27
-76.433
-53.109
101.007
86.803
-8.544
-56.986
-1.987
11.141
17.575
-0.035
-13.597
2.261
-14.266
-14.212
-48.214
19.377
68.446
14.899
-84.355
-2.904
81.824
-14.992
-41.411
60.327
-13.3
-56.977
48.814
34.452
-73.603
-73.81
81.454
42.315
25.057
-46.155
-26.276
-38.918
5.821
100.606
11.674
-38.69
-48.043
53.904
-11.607
-42.251
57.215
14.352
-25.668
-121.748
35.045
8.867
51.289
60.191
-50.233
-10.07
-42.389
43.805
0.497
69.601
-36.722
-21.726
-57.039
38.692
67.387
-21.522
5.335
-39.954
-3.448
-14.768
-0.567
53.672
-22.275
-26.704
-64.214
16.495
-60.402
60.015
51.381
8.231
-22.854
-21.134
41.524
-32.96
73.337
38.998
-19.21
-101.165
57.534
69.286
-43.521
-15.65
-62.018
29.89
-65.769
19.948
-30.719
7.641
12.74
22.913
18.708
-38.109
45.014
9.104
28.143
4.403
-14.629
54.71
-2.768
-50.304
-29.239
-29.599
10.307
55.628
32.99
-40.005
-37.327
-44.946
39.68
31.623
70.772
-87.257
-32.603
-31.786
4.459
68.072
38.054
5.704
-63.284
2.479
8.008
56.308
46.491
27.069
-62.601
-48.448
-32.822
-15.257
-15.322
33.363
46.93
-11.166
-61.538
66.932
26.749
-26.742
28.093
-38.094
-22.358
43.933
33.093
-67.001
-107.783
102.235
93.479
-32.574
-81.45
-7.635
28.338
42.697
23.736
32.02
-55.093
-63.871
76.39
-8.487
-8.427
-9.846
22.437
-34.93
-49.854
9.07
9.844
-7.822
45.075
15.909
-50.301
-20.479
49.537
102.861
-5.323
-47.213
-29.26
8.998
-38.128
12.111
-8.177
33.916
13.885
-52.124
-72.805
74.179
32.473
26.393
-43.816
-25.349
-1.924
-31.344
47.737
63.014
7.245
-133.695
-38.834
96.891
43.237
96.099
-17.706
-59.182
-118.211
63.659
52.252
1.684
-114.691
-4.411
15.866
-1.123
63.882
-0.967
-6.546
-48.087
21.88
113.621
-68.344
-11.058
41.467
70.739
-89.686
-12.892
21.613
-6.455
-80.321
-20.739
44.505
-23.275
136.092
-63.866
-50.307
-65.658
104.039
52.009
23.214
20.163
-86.012
-37.828
-10.837
58.399
-34.007
29.598
-15.719
-40.582
-22.578
70.247
64.651
-48.408
11.842
40.23
-42.342
-65.569
-38.276
107.641
-29.806
12.269
-77.219
-18.664
-33.793
82.971
55.29
23.764
-50.25
13.714
32.053
-17.296
37.221
-15.845
-48.274
-4.105
34.347
-45.448
-52.763
23.385
32.242
46.114
-79.886
0.502
0.599
46.372
36.211
-63.469
56.641
-10.993
-4.224
-71.189
-8.781
32.875
72.388
-16.536
-51.39
11.514
1.117
23.555
22.378
74.166
-49.507
-92.269
-56.583
67.124
12.59
14.626
11.433
-83.151
-42.641
32.443
82.004
68.469
-38.959
6.415
-55.266
-8.256
83.499
17.041
-41.959
-23.977
-35.526
-13.79
-16.837
49.519
43.654
-42.499
-78.334
-24.724
68.532
100.599
43.74
-110.06
-75.215
79.007
40.474
-33.556
-2.994
-15.196
14.374
40.87
-0.99
-2.374
-48.797
14.221
87.255
-111.823
-15.07
5.351
22.27
-35.729
-13.111
-14.811
47.003
12.988
62.252
-56.91
5.511
15.674
64.559
-4.861
-31.771
-86.722
-31.073
19.355
56.636
18.596
41.484
-16.514
-78.348
-29.223
36.776
25.07
70.195
-9.211
-88.749
-21.66
39.834
9.267
32.865
51.233
-92.587
-81.503
28.298
2.612
81.107
53.78
-58.35
-116.885
63.807
80.298
-25.747
2.51
-39.956
92.914
-33.873
61.928
-81.219
-19.448
15.945
6.071
-10.395
16.91
-26.67
-108.541
26.452
36.022
109.577
-69.747
6.844
41.076
-75.062
6.845
23.631
84.086
-28.27
-35.532
-24.155
10.823
89.186
8.779
-59.713
-67.862
18.542
-16.355
38.844
-14.341
-25.112
17.776
-66.428
-13.053
18.727
121.492
25.155
-51.989
-20.162
58.843
5.062
-66.739
76.296
-33.231
-1.493
-36.78
-75.668
-19.574
53.211
71.084
-55.462
-77.031
41.268
-7.15
72.957
125.629
-50.102
-100.757
-7.475
113.811
25.961
-94.824
79.411
-63.907
-90.596
0.799
12.323
-19.442
-15.301
61.606
-9.68
-86.86
173.394
30.69
-13.493
-92.633
-6.59
7.638
110.007
-86.469
12.766
-53.456
61.235
34.137
-8.894
-71.535
-46.281
-18.078
72.958
2.159
2.512
38.197
-11.218
-83.923
69.486
105.236
-14.783
-70.825
-8.622
-80.578
-7.571
72.153
-8.104
-63.007
14.344
28.752
-17.086
47.772
40.432
-50.755
3.616
5.962
-8.085
-10.021
4.185
74.167
-54.308
1.348
59.511
21.147
-124.52
-46.139
27.464
-10.19
59.909
-24.609
-86.724
6.194
46.585
89.804
-35.218
-32.78
4.004
18.455
83.394
66.317
-123.126
-33.991
34.524
-4.3
-23.82
-9.223
1.131
-23.042
86.125
8.299
-28.528
-90.69
-7.457
54.66
24.215
75.007
-99.537
-56.467
19.758
-12.032
67.51
111.509
31.4
-166.0
-16.069
48.395
38.037
-50.56
93.218
-48.666
-227.928
120.572
67.073
-11.581
-39.962
43.87
-10.754
-62.923
180.591
77.492
-99.344
-92.345
31.793
-10.546
82.758
36.21
-119.648
-77.048
81.403
-10.2
-76.807
-55.505
-28.118
112.395
18.078
37.49
22.518
-60.199
72.597
19.237
67.027
35.847
-80.694
-50.94
-138.867
137.668
-28.327
36.164
-80.13
0.158
10.684
-9.918
64.621
29.365
-9.849
-125.086
8.111
73.781
73.563
-40.499
-44.485
28.834
11.269
-34.171
-20.134
5.082
-60.453
55.455
71.953
21.0
-20.497
-3.231
0.937
-61.892
72.282
64.318
-86.64
-195.367
41.417
136.551
14.845
16.364
-50.301
-25.267
49.125
87.097
-106.477
-10.283
64.163
-117.872
-56.458
-4.661
-8.848
25.305
122.988
94.803
-25.399
-7.538
98.365
-80.499
-137.501
145.901
-21.521
-35.617
-97.364
-33.333
-6.008
-92.649
111.961
91.365
-2.402
-134.216
69.392
138.221
-31.043
-61.773
41.619
-35.916
-21.056
59.662
70.01
12.0
-94.998
7.355
-17.199
-10.397
49.888
-34.016
-66.351
-57.583
48.754
-66.345
-33.442
105.058
55.448
76.99
10.617
-135.467
-11.416
63.655
153.924
-29.692
-46.703
102.254
-116.843
-54.229
-78.012
-17.947
93.137
-127.556
30.432
17.004
-35.087
76.672
66.236
-76.439
-33.916
-42.191
97.355
194.767
90.679
-188.543
-110.629
153.07
63.285
-82.012
-201.746
-112.244
82.845
58.434
34.293
96.835
23.509
-100.601
52.072
46.336
82.098
9.721
-137.403
-125.174
-39.841
61.96
56.285
-51.48
-44.073
94.534
81.497
-33.636
-25.75
44.623
70.619
-37.651
-57.815
-6.909
99.359
-64.379
-62.409
-32.297
-16.086
50.76
-28.853
12.74
-92.49
45.905
55.668
11.652
63.504
6.078
-12.51
-63.31
63.947
-16.657
-75.788
-61.963
58.18
106.685
-32.591
-47.067
-11.383
26.231
106.8
15.337
-119.652
-20.652
83.976
-38.913
-30.492
-1.799
16.016
-93.787
39.926
52.682
-51.606
-28.905
10.699
133.576
-36.66
38.546
17.078
24.815
-79.74
-13.455
79.314
-66.986
36.867
-89.625
-114.703
53.289
126.552
35.138
-3.676
-99.325
-66.094
47.574
10.852
66.156
66.208
-45.291
-109.93
-25.474
189.433
124.496
-129.959
-82.004
-88.373
45.391
187.104
-56.07
-50.614
-105.645
-51.249
44.743
-100.585
106.455
103.732
-111.963
34.003
60.388
-41.77
76.972
62.137
-1.591
-47.939
-6.579
10.079
-115.77
66.248
-51.924
-2.842
-81.038
80.231
-48.213
-26.709
-39.593
165.289
94.693
-96.085
43.943
-151.345
76.873
46.248
-10.477
-19.578
-50.839
-36.436
2.085
79.078
4.902
-0.032
-43.71
53.082
119.588
19.869
-55.488
-164.157
102.462
-16.207
-58.952
-98.772
-61.497
44.771
65.355
87.542
-61.936
14.771
34.021
53.703
5.473
-17.899
90.355
-45.647
-96.712
-81.041
128.157
24.838
-52.806
39.673
-65.618
-37.009
-34.456
208.978
-48.305
-79.546
-63.822
-70.037
138.816
81.371
-89.191
-77.248
156.788
72.873
-13.411
-79.174
-140.424
-86.041
180.764
59.053
-115.519
-19.346
-69.736
18.625
88.523
105.846
67.524
-37.405
-91.496
31.302
98.646
-127.116
11.267
-18.669
-15.999
68.962
52.813
78.128
-33.635
7.084
-197.107
-12.363
-32.994
13.113
3.076
-85.926
36.937
-73.069
115.115
157.488
-108.475
114.547
87.753
3.203
-35.517
-162.448
7.957
31.084
48.856
290.501
-353.489
31.054
-109.991
-33.089
261.801
-175.353
-141.421
53.991
-6.918
254.986
-183.065
158.609
-180.577
88.473
-162.348
113.617
154.509
-88.83
-37.308
-114.64
149.399
-9.36
29.064
-76.175
-74.624
244.89
-39.374
-15.784
-59.515
-7.407
-30.055
-60.57
74.353
38.104
109.976
-20.784
-82.848
33.708
42.429
-71.17
-155.287
-115.072
-37.489
102.706
33.871
-18.305
40.427
149.981
-30.922
113.594
163.393
-56.704
-113.458
-106.731
105.056
-3.682
-82.442
-55.267
-95.711
42.569
60.292
132.937
-204.896
29.095
93.346
-6.28
42.727
-54.619
52.151
-122.026
-18.403
116.101
43.308
-87.863
-76.206
-107.234
32.383
99.097
114.194
-35.426
-0.11
84.729
-97.038
54.617
110.288
-26.005
-109.406
37.317
57.053
-82.246
-7.142
-101.256
-70.277
146.857
114.385
-168.003
70.827
-50.921
-231.775
66.571
220.169
-174.185
-77.146
149.843
-90.972
171.884
373.104
-96.856
-186.315
209.72
205.55
-137.701
-334.805
-113.204
-235.106
18.446
59.25
-128.233
400.626
11.193
-249.18
342.997
-314.251
83.406
251.716
-70.857
294.382
102.483
-440.122
13.948
-138.84
90.522
-119.36
31.621
-34.925
42.304
-58.993
104.62
115.357
74.509
85.772
-248.804
-174.161
87.433
219.283
-10.304
-102.373
-11.188
-44.857
66.934
18.941
-54.402
-26.887
-40.075
27.468
-33.75
143.789
-29.067
-17.343
18.684
69.193
40.069
-18.294
-160.249
-108.884
108.473
93.87
-135.692
9.014
107.769
-18.72
7.905
118.804
-40.632
11.452
-61.122
-184.32
-12.596
63.229
40.841
-10.598
15.711
100.413
28.327
-11.821
8.163
17.41
-47.368
-101.249
-38.431
78.158
43.848
-91.434
21.345
106.11
45.83
-113.451
-101.6
26.309
-4.052
204.733
-133.144
-28.796
122.757
-65.627
59.644
-74.489
-14.693
-56.121
68.112
-128.094
112.646
-18.702
-114.608
-32.909
56.597
111.611
115.029
51.62
-88.266
-37.767
14.76
13.592
-2.322
-34.576
116.795
-127.709
76.225
-27.959
60.61
-37.023
-198.21
70.648
156.332
-237.986
-272.358
27.316
2.911
104.476
228.329
283.864
199.714
-70.699
-1.355
-449.206
4.376
-32.252
241.135
273.809
-175.324
-256.312
-191.236
-7.211
7.67
138.785
-99.193
31.903
88.904
50.411
93.213
-42.416
43.202
-38.461
-38.853
-10.373
48.368
62.11
-20.604
-48.622
-125.067
114.956
42.32
-68.573
-48.643
-8.223
7.782
29.814
-34.312
-69.645
45.935
153.952
-28.595
-70.467
37.604
83.62
-73.526
-33.632
56.723
-45.228
-36.785
2.537
-7.198
6.285
114.44
-37.837
-60.216
29.69
122.364
-93.897
-100.659
38.284
14.216
9.616
-83.635
13.768
10.855
47.409
59.983
-46.491
61.584
-11.779
-10.508
-31.733
51.561
9.24
-65.075
-44.542
-1.076
95.633
18.623
-43.842
-44.602
36.709
38.724
-46.997
-0.455
57.591
-17.626
-165.05
1.453
93.369
45.842
-0.77
-60.921
19.437
7.5
121.784
-81.342
-77.402
30.732
81.242
-40.886
-42.853
108.809
-46.851
-67.144
13.534
86.971
-13.405
-55.897
-72.967
-81.983
151.28
106.756
-60.886
-74.911
86.286
46.877
-100.657
53.271
5.166
-52.248
-73.269
-32.971
-21.555
84.942
47.691
-141.569
258.237
