-14.149
26.608
-1.444
-25.662
22.056
-2.371
-14.22
11.982
12.06
-33.488
35.764
-15.273
-11.633
23.687
-13.632
-6.859
21.083
-16.598
2.743
10.317
-13.543
8.866
-6.281
6.495
-7.15
7.636
-4.501
5.971
-8.481
8.241
0.851
-15.394
25.72
-19.711
-0.182
19.881
-21.791
4.627
20.339
-32.631
24.678
-3.642
-9.395
2.179
17.937
-29.809
21.037
4.305
-21.923
15.212
11.147
-32.481
28.955
-5.452
-7.988
-6.211
38.73
-45.989
-2.688
91.325
-158.779
144.647
-45.469
-72.89
125.67
-72.89
-45.469
144.647
-158.779
91.325
-2.688
-45.989
38.73
-6.211
-7.988
-5.452
28.955
-32.481
11.147
15.212
-21.923
4.305
21.037
-29.809
17.937
2.179
-9.395
-3.642
24.678
-32.631
20.339
4.627
-21.791
19.881
-0.182
-19.711
25.72
-15.394
0.851
8.241
-8.481
5.971
-4.501
7.636
-7.15
6.495
-6.281
8.866
-13.543
10.317
2.743
-16.598
21.083
-6.859
-13.632
23.687
-11.633
-15.273
35.764
-33.488
12.06
11.982
-14.22
-2.371
22.056
-25.662
-1.444
26.608
