0.0
-87.301
-152.928
-32.572
-59.904
-31.103
-112.871
-70.864
84.008
6.686
-0.312
-39.189
92.12
-63.254
-34.796
56.508
89.72
-96.457
-149.326
15.082
-9.034
101.756
-18.063
-33.878
-71.377
98.266
4.417
-78.267
77.616
-6.041
-47.126
-96.605
137.556
29.785
-62.769
-26.564
-12.756
46.128
30.412
-35.353
-151.972
-12.557
91.433
34.826
-61.951
19.782
71.943
-83.892
-18.178
36.98
68.547
-23.021
-70.538
-37.223
1.944
101.9
-52.027
-10.324
16.382
46.674
-19.328
3.339
59.71
-63.134
-3.8
-87.905
-1.853
24.809
21.481
-63.894
-82.524
145.163
54.07
-72.906
-36.335
99.58
13.016
-71.178
13.107
-72.406
3.572
40.176
-1.115
-58.837
84.848
35.243
-45.596
-33.313
110.854
31.39
-113.707
-68.741
37.71
0.699
-10.939
-64.417
-2.119
28.718
85.388
-63.754
-84.874
32.655
103.047
34.42
-44.473
-21.606
-21.416
52.981
13.205
63.477
21.167
29.031
-60.938
-79.422
-34.223
35.752
-104.606
-223.718
-66.763
70.245
112.406
603.779
-526.284
138.734
-358.668
41.378
278.496
208.268
226.524
66.91
-117.724
-214.055
-126.466
-217.111
-212.47
230.355
134.071
-157.901
-76.754
220.681
-73.752
91.513
-50.655
6.634
90.7
-81.667
41.267
6.132
-9.77
-51.886
86.834
115.621
28.974
-7.937
-161.363
-60.51
-51.721
104.872
-65.722
2.301
-39.61
20.445
-25.361
7.568
83.838
-3.039
27.602
-97.372
121.896
6.466
-40.747
-68.587
-152.683
174.501
91.126
-62.591
0.739
-70.174
99.399
-55.638
-96.831
-26.95
98.668
24.91
13.915
39.537
54.155
20.34
-98.758
17.867
34.596
-129.994
-87.909
-37.188
58.49
74.038
123.596
-77.969
75.214
-9.007
-42.893
-43.043
-19.3
82.476
-75.769
-151.256
3.335
164.704
83.872
-67.963
47.724
-53.516
73.126
-4.37
-49.645
-65.912
-11.931
-0.81
-29.013
116.241
-58.791
-48.695
8.975
-26.361
205.082
26.825
-239.316
-118.804
84.507
223.782
58.042
-1.134
-85.491
-57.924
-28.673
-27.359
-81.95
22.678
-62.326
17.426
-269.08
393.116
-11.16
491.222
-375.883
182.29
-155.697
-119.518
153.319
-138.616
215.59
-57.877
-185.433
-65.868
-242.899
-40.88
-96.128
-0.327
417.083
249.27
-201.541
4.016
298.783
81.702
-135.543
-89.269
-67.259
-154.872
118.149
46.136
-215.637
-84.535
120.383
-39.772
50.524
149.359
-118.064
-108.614
17.474
-35.243
104.363
47.089
-90.142
28.42
119.971
30.704
-74.787
64.542
-39.453
41.022
23.329
35.138
-38.617
-128.801
-132.024
38.047
70.429
63.425
27.696
-170.148
71.121
2.558
33.192
39.738
-31.936
117.216
-264.287
132.796
65.679
-8.572
-138.384
-62.885
40.333
-42.645
165.387
-60.866
-81.455
32.098
253.846
58.271
-54.541
82.645
-75.85
-34.396
-42.059
-41.222
-15.665
-204.198
-73.448
-7.083
160.287
3.601
31.318
-34.189
130.33
15.139
49.069
-138.883
-30.609
44.999
-94.672
93.345
-17.663
146.539
6.479
-192.657
84.122
-14.648
93.239
-80.383
-82.28
-31.752
214.748
-66.644
-3.979
-103.345
-41.003
106.337
-32.027
80.596
-6.403
119.084
-478.355
262.352
-28.91
32.936
-2.118
-147.266
-103.601
324.163
0.006
19.282
7.886
-266.48
159.119
22.352
61.787
176.254
-139.054
6.007
152.661
-165.706
-111.528
25.519
-89.315
19.194
0.026
-64.142
-70.773
-1.147
158.633
30.303
59.512
86.452
-126.696
-17.357
43.149
-125.317
69.225
149.762
-191.319
59.817
84.326
69.234
25.427
-64.217
-104.976
-54.435
-43.467
79.038
82.633
-72.649
-116.93
-96.492
129.38
131.894
43.473
-56.698
-40.446
-48.613
182.34
-80.997
-165.748
-0.489
52.751
109.87
3.313
-77.389
-61.786
8.657
84.077
-56.396
81.292
-12.022
-141.201
-2.547
137.76
44.569
-69.569
73.67
41.023
-62.687
-46.713
76.695
8.172
-70.758
-10.745
-186.128
-0.523
82.465
29.553
-60.694
-15.674
75.683
111.748
71.069
-102.948
-23.963
22.469
45.826
-30.361
-80.937
15.601
-73.609
81.782
20.069
41.788
-102.034
-2.952
42.114
18.702
173.573
-93.396
-112.602
-20.36
34.05
-28.562
-90.468
101.575
-98.475
87.262
-101.189
103.013
-17.732
12.768
109.609
17.95
-20.087
16.94
-54.66
25.836
-58.617
120.955
-99.685
-84.982
7.66
-89.46
3.218
43.069
120.023
106.112
-215.817
2.397
-45.302
123.927
202.751
-98.632
-119.422
-57.471
126.135
55.237
-64.895
49.658
-130.199
-40.979
28.415
69.132
75.734
6.975
-147.986
-91.431
81.079
0.522
33.701
52.157
-93.459
53.387
42.204
47.095
-34.422
61.692
24.97
-116.361
-21.528
19.911
25.556
-82.362
5.695
-5.409
6.915
-4.809
6.908
72.262
-127.027
24.756
139.787
25.646
-96.339
-6.962
-12.944
61.495
33.062
-57.087
-113.345
-8.422
162.943
-129.181
44.773
43.489
20.022
28.199
7.779
-16.34
-101.611
14.989
-36.855
45.489
-12.284
-53.899
-23.747
-19.83
108.28
12.493
-43.975
-8.654
69.665
61.078
-41.871
-10.144
7.781
122.812
-116.227
-78.207
48.969
8.679
-52.854
-136.82
-16.857
41.281
174.484
36.029
-3.814
-59.488
-6.948
118.577
-46.68
50.62
-83.81
-130.034
-81.391
-122.378
259.65
74.112
-22.593
-198.459
208.017
140.95
73.14
-143.98
-76.933
-63.583
103.202
4.391
-21.849
-18.256
-76.495
21.346
-67.685
61.002
-77.668
-47.283
-9.122
116.545
53.864
-35.552
131.424
57.186
-97.983
-104.324
37.884
74.696
63.688
8.957
-93.752
-79.755
-0.446
-27.191
-62.808
27.222
34.273
29.322
-14.706
-14.325
-12.412
19.03
86.267
45.747
-39.811
-58.393
27.995
0.113
-29.784
89.371
84.76
-165.395
-38.608
118.637
35.618
-112.006
-94.216
20.567
-80.905
8.851
52.436
92.845
-37.858
-100.948
142.637
40.643
9.949
14.975
130.743
-68.578
-105.385
-16.362
-83.542
-70.646
65.999
52.498
-88.071
92.229
52.525
-30.117
-52.64
28.687
28.045
65.138
-0.67
-208.608
-47.084
111.802
90.076
-32.493
-52.918
52.259
-8.665
35.979
28.944
43.93
-91.687
-37.363
7.79
-19.776
24.172
-6.205
43.365
-85.464
85.457
80.959
-79.912
-83.295
-16.993
81.918
24.181
12.925
-54.052
-8.698
-35.65
-9.15
62.158
-22.667
29.271
-183.805
72.543
96.536
38.612
60.205
10.867
-55.001
-11.099
41.316
14.488
-11.881
-21.953
-96.141
-108.634
83.165
29.966
-51.244
-35.007
-0.625
164.463
-38.975
-18.602
-25.411
-79.659
129.613
145.876
-63.677
-90.022
33.227
-15.242
-44.691
63.864
23.178
-141.81
-99.537
146.565
33.018
-38.071
62.225
-39.511
-91.213
23.812
159.887
38.456
-71.097
-50.411
-12.334
-85.696
62.142
92.81
-32.494
-21.063
-70.097
-25.24
48.506
83.22
-23.579
-53.94
21.809
-34.407
0.092
41.16
-35.537
-49.599
53.899
123.771
-17.906
-32.121
-39.692
-1.304
31.848
61.575
-65.066
-87.774
-10.157
45.613
14.41
-24.229
-44.381
-59.195
26.761
99.458
25.374
-63.067
40.67
45.272
-39.191
-45.154
59.183
-28.771
-24.758
43.303
44.088
-44.996
15.475
-18.262
-47.318
-21.049
76.888
-44.286
-46.007
-30.71
20.613
9.001
116.444
43.047
-90.167
-33.111
50.968
4.289
7.006
-10.011
11.195
-91.093
-31.066
14.006
81.442
18.5
-38.631
24.718
-113.698
176.553
-55.897
-8.317
-38.223
-49.835
138.061
64.732
-50.269
-83.067
33.772
21.172
-100.388
37.391
-16.053
-94.603
41.03
7.591
54.229
-1.119
62.638
43.402
-116.283
-50.121
188.019
29.612
-62.416
-22.249
-39.758
-95.547
103.344
35.484
-70.5
-49.244
-45.269
59.132
-8.833
65.526
0.531
-64.639
127.109
-53.398
-25.178
38.054
75.587
3.243
-79.207
-67.014
-2.643
29.632
-38.603
49.458
-15.743
-15.514
-15.574
-64.254
94.241
31.212
71.192
-109.308
18.881
-23.908
75.599
43.685
-82.456
9.897
-54.568
93.693
-74.092
58.168
48.014
-41.651
-118.814
-7.232
39.338
7.373
23.085
-21.108
24.708
-72.94
67.163
32.164
12.632
26.222
-65.568
25.55
25.419
47.72
-111.536
-63.341
93.392
60.385
-5.958
-58.717
-49.472
-68.448
75.71
55.046
12.068
-25.37
-2.634
-71.962
0.467
99.532
13.778
-5.915
-52.986
-53.061
4.686
59.935
46.432
-18.195
21.387
-85.481
-41.6
-26.699
78.442
36.96
40.565
-20.3
-65.664
92.242
-39.487
58.541
-68.769
-28.239
-14.944
-5.555
31.775
-45.943
-38.774
53.006
48.016
-30.463
-27.634
31.002
61.146
-42.069
9.279
-6.028
-44.368
61.951
29.3
-58.637
-80.26
48.472
135.46
-2.135
-58.624
-102.89
-3.191
44.757
53.878
-32.172
-46.972
-3.579
-23.345
13.374
33.997
69.729
-11.54
-55.517
-4.047
26.251
48.083
42.399
2.946
-98.417
-67.528
18.979
44.366
10.405
8.172
-37.375
-79.329
-18.035
130.986
24.751
-2.906
-14.276
0.062
-49.195
13.16
48.531
12.831
-9.175
-107.199
29.076
19.753
34.514
-4.219
-30.129
84.67
-42.727
-20.493
-42.157
12.868
52.806
-1.394
-66.429
-42.091
62.885
-13.914
-6.732
-14.196
57.615
1.696
24.76
0.649
-26.074
20.536
42.432
31.243
-46.352
-91.629
-23.227
12.633
23.104
29.173
32.362
-124.107
4.286
81.596
2.502
-1.394
31.93
44.769
-28.742
-78.163
7.805
20.762
-1.67
10.855
-0.905
-31.344
-73.586
79.31
49.314
38.037
34.412
-41.354
-128.596
39.96
71.929
19.071
-42.326
0.866
-127.674
78.237
-24.094
47.488
-54.445
42.922
89.305
-37.938
-37.512
43.069
73.201
-97.969
-31.011
50.729
11.624
-6.918
-20.008
-34.813
-69.784
8.553
66.145
52.186
-103.956
-48.058
73.634
78.542
59.164
12.714
-86.871
-100.149
14.524
73.931
62.238
-66.092
-49.936
33.773
-51.978
43.413
41.747
22.677
-63.471
-67.846
50.857
21.54
11.299
-18.012
-14.0
-25.396
40.757
-42.46
33.76
98.256
23.447
-54.559
-60.669
18.432
28.428
1.432
-28.41
-17.102
-22.806
-37.446
40.602
12.204
-7.391
9.608
31.015
-11.198
-69.575
40.262
86.442
-24.413
14.85
-27.761
-63.84
-23.35
109.847
54.881
-106.132
-91.314
70.214
52.273
-30.403
-20.744
11.555
11.872
23.498
19.957
-21.003
-47.947
42.268
36.211
-64.634
-15.458
-40.281
-4.89
-20.816
72.254
53.404
52.841
-30.303
-38.374
-12.374
-29.705
74.912
28.647
-35.136
-51.299
-39.661
-24.543
41.161
92.728
-46.934
-20.211
-62.805
20.439
16.07
78.217
-26.376
-52.424
-9.479
-31.891
38.692
47.888
28.231
-38.991
43.587
4.105
-6.742
-6.809
-35.116
30.497
-11.455
-15.682
-55.494
21.865
-50.378
-2.268
5.658
-11.462
-3.633
78.702
49.103
-89.312
-8.43
59.458
64.828
-31.147
-20.526
13.414
-64.696
58.699
-5.998
38.459
-61.409
-65.879
6.239
-37.088
31.743
23.152
49.824
-59.356
2.247
-5.47
10.451
2.501
62.825
18.706
-77.523
1.305
-22.488
75.269
10.373
0.907
-32.987
-43.687
34.453
1.295
69.495
-18.336
-41.642
-80.178
-14.249
45.204
48.67
6.946
-69.967
71.557
-21.41
-37.294
22.828
92.921
-5.475
-94.06
-6.532
-8.486
27.885
41.075
59.502
-104.404
-64.076
58.538
47.027
-46.169
0.16
38.656
-17.393
2.273
25.441
10.0
-51.203
-41.259
108.699
-0.293
-79.715
-24.196
34.471
-11.895
-3.944
42.846
-16.814
16.693
14.813
-63.38
33.592
67.731
55.806
-81.483
-100.251
8.541
23.552
60.693
9.202
10.995
-72.183
-46.535
-10.842
66.191
39.158
27.167
-43.8
-62.925
13.491
46.367
18.042
36.581
-52.712
5.624
3.626
-47.469
52.851
34.522
-28.559
-27.013
-12.516
-63.561
11.321
-6.203
80.884
-69.49
43.432
-18.287
56.901
12.826
-38.187
11.978
-37.714
73.003
42.944
-20.532
-66.872
-14.378
23.717
-55.401
18.147
-42.15
24.827
-25.081
21.576
5.497
-14.476
102.586
27.895
-52.201
-84.063
119.284
46.603
14.457
-72.565
-77.151
-25.879
-47.48
134.073
-30.533
21.252
-91.278
-27.883
35.064
47.813
55.629
-28.107
-25.144
-71.348
93.821
22.721
38.004
-33.559
-10.36
-29.046
-34.327
47.755
12.717
51.872
-80.437
-12.289
1.072
-8.714
-7.355
2.644
29.403
-24.503
7.077
-4.216
6.972
47.155
-87.667
3.276
53.837
46.447
-92.174
8.661
90.477
5.568
-42.582
36.308
-68.26
-72.45
109.172
2.706
-43.636
-40.251
56.106
4.05
-56.476
61.694
-20.866
13.893
-17.705
53.699
-18.966
-80.861
30.568
2.3
57.233
1.748
-35.013
-54.283
39.153
55.494
29.688
20.053
-52.288
-89.767
-48.029
55.809
123.938
-22.82
-63.912
-88.64
-0.161
71.222
51.628
6.195
-23.627
-17.363
-28.019
6.912
31.533
66.525
-44.875
-18.0
-70.814
4.624
127.686
8.982
-72.724
-100.306
117.329
73.913
-74.238
-54.468
-14.274
-5.055
1.223
90.781
-32.929
-51.093
-10.981
-27.948
52.728
24.612
30.364
-44.186
28.745
20.465
5.122
12.01
1.461
30.772
-92.635
12.578
-51.539
42.369
-8.961
-8.352
-42.1
-50.711
78.479
-51.247
50.321
33.547
94.778
-24.416
-87.922
10.753
28.805
82.917
-81.545
-10.951
-50.819
10.831
-16.488
-5.179
65.162
-8.814
-49.763
-99.684
122.975
48.129
57.547
-31.51
-73.742
-11.39
-13.759
100.916
-33.181
-15.165
-23.721
13.185
23.441
-23.199
49.971
-93.685
24.273
2.493
27.184
-25.396
-28.777
-18.821
59.029
-12.865
-88.93
91.669
28.411
-41.64
-42.44
88.908
46.19
-28.25
1.651
-104.246
7.487
44.684
122.282
-36.884
-115.998
15.071
-20.024
67.466
-35.284
85.174
-56.629
-86.495
-30.948
39.268
102.64
39.443
-50.67
-151.872
21.264
75.305
20.668
34.33
-26.48
44.903
-32.773
-2.979
-8.569
32.786
18.071
-3.743
-50.2
-20.452
-13.916
-18.65
72.734
-52.04
-34.501
31.165
29.43
8.645
-42.042
46.049
-0.161
-16.687
43.076
-0.789
-67.445
36.357
72.789
-74.45
-40.315
35.689
92.749
-55.356
-63.506
31.347
-21.527
43.995
31.461
-21.627
-75.702
-1.16
25.63
-12.636
42.585
45.108
-43.864
-115.004
87.546
86.955
11.131
-17.233
-58.578
-34.267
-8.332
119.279
34.001
-70.492
-55.501
-72.144
21.39
-4.07
82.125
-34.108
-15.212
-7.629
6.282
49.053
25.21
37.048
-32.116
-1.776
-72.016
39.175
106.389
-28.295
-106.258
-51.316
92.01
-64.514
11.303
-15.67
13.677
57.725
23.196
-3.497
-145.15
89.33
6.9
48.351
-22.263
-0.504
-4.459
-49.609
63.977
-24.374
36.625
-26.358
8.948
-53.287
15.615
53.488
-20.733
11.248
-60.144
53.575
-91.241
38.221
65.261
2.749
-2.483
-37.254
32.349
-106.871
21.879
51.927
62.992
-47.75
-58.893
1.374
14.763
83.021
-27.552
70.146
-54.72
-21.098
-39.266
17.546
51.309
10.135
55.097
-131.575
-97.453
49.9
109.228
4.704
-81.536
-31.159
-11.64
72.808
19.445
34.136
-20.757
-2.255
69.196
-38.603
50.186
-31.403
-25.486
-66.508
2.416
15.824
-31.0
22.141
-12.978
-68.089
-7.748
126.388
2.913
-25.442
2.612
-9.881
1.561
70.763
65.995
-76.112
-50.582
-7.985
-9.415
10.073
3.414
31.136
-56.026
-7.408
1.407
9.674
48.469
-8.677
-51.388
-36.34
65.931
3.749
12.598
-17.059
36.573
33.072
-85.009
-8.245
-14.656
46.843
74.774
-8.484
-40.84
-85.413
32.788
12.759
78.384
-55.839
-27.682
-53.398
2.305
45.375
-2.436
72.827
-61.865
-48.487
1.782
66.886
19.615
26.421
38.07
-117.63
13.887
-5.682
91.134
-65.823
-17.529
23.307
-0.574
44.639
-70.359
-15.439
-43.201
74.396
19.767
-13.874
-34.227
-26.146
4.806
16.167
109.202
-29.833
-56.842
-46.359
-18.263
62.288
85.264
84.032
-189.075
-62.551
44.199
103.375
10.918
-39.976
7.719
-114.514
43.063
-38.806
94.687
-29.824
-3.461
-21.454
-20.48
43.015
-16.329
81.05
-62.054
-46.653
2.074
45.189
29.812
-61.42
65.097
-22.124
76.456
-57.166
-0.445
-49.444
0.024
42.17
-10.867
16.481
-139.395
5.701
56.472
62.333
-42.157
-74.306
85.425
47.174
17.901
-27.451
101.8
-67.519
-63.997
33.212
45.22
-3.266
-100.671
-14.011
-38.904
21.594
52.292
29.447
-130.156
-31.552
115.894
53.989
6.507
-7.959
-13.679
-39.512
24.813
98.643
10.454
-40.057
-97.197
-15.49
10.327
45.597
53.491
-58.088
-33.5
-119.65
30.853
74.516
78.355
-32.819
-59.029
6.754
38.26
62.679
-69.411
-15.602
9.089
55.603
-11.72
-53.883
21.104
11.098
10.47
32.579
10.271
-91.072
-38.563
48.831
12.355
2.471
20.259
22.727
-112.065
11.093
102.681
-0.8
5.754
-31.069
5.18
-101.647
26.982
92.473
-9.651
-41.438
-16.136
35.314
-5.903
64.014
-19.179
-11.642
-9.669
17.771
-40.804
-52.941
82.287
-29.767
2.883
-31.688
11.924
-16.19
-21.535
59.151
32.721
75.199
-77.978
2.215
-64.726
24.004
111.463
11.146
-47.53
-164.432
84.335
8.438
13.572
-16.723
17.147
-19.748
-94.026
95.087
28.727
58.536
-62.027
-7.249
-16.466
-9.69
55.93
-16.392
23.806
-111.175
106.999
-17.196
24.654
15.121
-41.61
-5.046
-35.464
71.283
-11.777
16.114
-90.417
-20.61
46.957
12.794
16.689
-65.918
38.257
-28.483
26.878
24.795
70.487
-4.125
-90.584
26.974
22.619
69.008
-78.471
27.798
-20.334
-12.81
-8.891
-48.198
45.91
-26.387
35.956
-45.997
-16.27
-23.742
35.334
122.519
-51.866
21.452
-27.265
-11.506
-45.669
59.006
64.386
-44.87
-48.323
-26.779
2.831
-17.456
66.513
31.42
-31.44
-56.528
-33.013
57.017
39.534
69.343
-121.339
-50.214
32.2
53.603
6.57
-26.209
48.855
-42.746
21.649
-8.719
0.0
8.719
-21.649
42.746
-48.855
26.209
-6.57
-53.603
-32.2
50.214
121.339
-69.343
-39.534
-57.017
33.013
56.528
31.44
-31.42
-66.513
17.456
-2.831
26.779
48.323
44.87
-64.386
-59.006
45.669
11.506
27.265
-21.452
51.866
-122.519
-35.334
23.742
16.27
45.997
-35.956
26.387
-45.91
48.198
8.891
12.81
20.334
-27.798
78.471
-69.008
-22.619
-26.974
90.584
4.125
-70.487
-24.795
-26.878
28.483
-38.257
65.918
-16.689
-12.794
-46.957
20.61
90.417
-16.114
11.777
-71.283
35.464
5.046
41.61
-15.121
-24.654
17.196
-106.999
111.175
-23.806
16.392
-55.93
9.69
16.466
7.249
62.027
-58.536
-28.727
-95.087
94.026
19.748
-17.147
16.723
-13.572
-8.438
-84.335
164.432
47.53
-11.146
-111.463
-24.004
64.726
-2.215
77.978
-75.199
-32.721
-59.151
21.535
16.19
-11.924
31.688
-2.883
29.767
-82.287
52.941
40.804
-17.771
9.669
11.642
19.179
-64.014
5.903
-35.314
16.136
41.438
9.651
-92.473
-26.982
101.647
-5.18
31.069
-5.754
0.8
-102.681
-11.093
112.065
-22.727
-20.259
-2.471
-12.355
-48.831
38.563
91.072
-10.271
-32.579
-10.47
-11.098
-21.104
53.883
11.72
-55.603
-9.089
15.602
69.411
-62.679
-38.26
-6.754
59.029
32.819
-78.355
-74.516
-30.853
119.65
33.5
58.088
-53.491
-45.597
-10.327
15.49
97.197
40.057
-10.454
-98.643
-24.813
39.512
13.679
7.959
-6.507
-53.989
-115.894
31.552
130.156
-29.447
-52.292
-21.594
38.904
14.011
100.671
3.266
-45.22
-33.212
63.997
67.519
-101.8
27.451
-17.901
-47.174
-85.425
74.306
42.157
-62.333
-56.472
-5.701
139.395
-16.481
10.867
-42.17
-0.024
49.444
0.445
57.166
-76.456
22.124
-65.097
61.42
-29.812
-45.189
-2.074
46.653
62.054
-81.05
16.329
-43.015
20.48
21.454
3.461
29.824
-94.687
38.806
-43.063
114.514
-7.719
39.976
-10.918
-103.375
-44.199
62.551
189.075
-84.032
-85.264
-62.288
18.263
46.359
56.842
29.833
-109.202
-16.167
-4.806
26.146
34.227
13.874
-19.767
-74.396
43.201
15.439
70.359
-44.639
0.574
-23.307
17.529
65.823
-91.134
5.682
-13.887
117.63
-38.07
-26.421
-19.615
-66.886
-1.782
48.487
61.865
-72.827
2.436
-45.375
-2.305
53.398
27.682
55.839
-78.384
-12.759
-32.788
85.413
40.84
8.484
-74.774
-46.843
14.656
8.245
85.009
-33.072
-36.573
17.059
-12.598
-3.749
-65.931
36.34
51.388
8.677
-48.469
-9.674
-1.407
7.408
56.026
-31.136
-3.414
-10.073
9.415
7.985
50.582
76.112
-65.995
-70.763
-1.561
9.881
-2.612
25.442
-2.913
-126.388
7.748
68.089
12.978
-22.141
31.0
-15.824
-2.416
66.508
25.486
31.403
-50.186
38.603
-69.196
2.255
20.757
-34.136
-19.445
-72.808
11.64
31.159
81.536
-4.704
-109.228
-49.9
97.453
131.575
-55.097
-10.135
-51.309
-17.546
39.266
21.098
54.72
-70.146
27.552
-83.021
-14.763
-1.374
58.893
47.75
-62.992
-51.927
-21.879
106.871
-32.349
37.254
2.483
-2.749
-65.261
-38.221
91.241
-53.575
60.144
-11.248
20.733
-53.488
-15.615
53.287
-8.948
26.358
-36.625
24.374
-63.977
49.609
4.459
0.504
22.263
-48.351
-6.9
-89.33
145.15
3.497
-23.196
-57.725
-13.677
15.67
-11.303
64.514
-92.01
51.316
106.258
28.295
-106.389
-39.175
72.016
1.776
32.116
-37.048
-25.21
-49.053
-6.282
7.629
15.212
34.108
-82.125
4.07
-21.39
72.144
55.501
70.492
-34.001
-119.279
8.332
34.267
58.578
17.233
-11.131
-86.955
-87.546
115.004
43.864
-45.108
-42.585
12.636
-25.63
1.16
75.702
21.627
-31.461
-43.995
21.527
-31.347
63.506
55.356
-92.749
-35.689
40.315
74.45
-72.789
-36.357
67.445
0.789
-43.076
16.687
0.161
-46.049
42.042
-8.645
-29.43
-31.165
34.501
52.04
-72.734
18.65
13.916
20.452
50.2
3.743
-18.071
-32.786
8.569
2.979
32.773
-44.903
26.48
-34.33
-20.668
-75.305
-21.264
151.872
50.67
-39.443
-102.64
-39.268
30.948
86.495
56.629
-85.174
35.284
-67.466
20.024
-15.071
115.998
36.884
-122.282
-44.684
-7.487
104.246
-1.651
28.25
-46.19
-88.908
42.44
41.64
-28.411
-91.669
88.93
12.865
-59.029
18.821
28.777
25.396
-27.184
-2.493
-24.273
93.685
-49.971
23.199
-23.441
-13.185
23.721
15.165
33.181
-100.916
13.759
11.39
73.742
31.51
-57.547
-48.129
-122.975
99.684
49.763
8.814
-65.162
5.179
16.488
-10.831
50.819
10.951
81.545
-82.917
-28.805
-10.753
87.922
24.416
-94.778
-33.547
-50.321
51.247
-78.479
50.711
42.1
8.352
8.961
-42.369
51.539
-12.578
92.635
-30.772
-1.461
-12.01
-5.122
-20.465
-28.745
44.186
-30.364
-24.612
-52.728
27.948
10.981
51.093
32.929
-90.781
-1.223
5.055
14.274
54.468
74.238
-73.913
-117.329
100.306
72.724
-8.982
-127.686
-4.624
70.814
18.0
44.875
-66.525
-31.533
-6.912
28.019
17.363
23.627
-6.195
-51.628
-71.222
0.161
88.64
63.912
22.82
-123.938
-55.809
48.029
89.767
52.288
-20.053
-29.688
-55.494
-39.153
54.283
35.013
-1.748
-57.233
-2.3
-30.568
80.861
18.966
-53.699
17.705
-13.893
20.866
-61.694
56.476
-4.05
-56.106
40.251
43.636
-2.706
-109.172
72.45
68.26
-36.308
42.582
-5.568
-90.477
-8.661
92.174
-46.447
-53.837
-3.276
87.667
-47.155
-6.972
4.216
-7.077
24.503
-29.403
-2.644
7.355
8.714
-1.072
12.289
80.437
-51.872
-12.717
-47.755
34.327
29.046
10.36
33.559
-38.004
-22.721
-93.821
71.348
25.144
28.107
-55.629
-47.813
-35.064
27.883
91.278
-21.252
30.533
-134.073
47.48
25.879
77.151
72.565
-14.457
-46.603
-119.284
84.063
52.201
-27.895
-102.586
14.476
-5.497
-21.576
25.081
-24.827
42.15
-18.147
55.401
-23.717
14.378
66.872
20.532
-42.944
-73.003
37.714
-11.978
38.187
-12.826
-56.901
18.287
-43.432
69.49
-80.884
6.203
-11.321
63.561
12.516
27.013
28.559
-34.522
-52.851
47.469
-3.626
-5.624
52.712
-36.581
-18.042
-46.367
-13.491
62.925
43.8
-27.167
-39.158
-66.191
10.842
46.535
72.183
-10.995
-9.202
-60.693
-23.552
-8.541
100.251
81.483
-55.806
-67.731
-33.592
63.38
-14.813
-16.693
16.814
-42.846
3.944
11.895
-34.471
24.196
79.715
0.293
-108.699
41.259
51.203
-10.0
-25.441
-2.273
17.393
-38.656
-0.16
46.169
-47.027
-58.538
64.076
104.404
-59.502
-41.075
-27.885
8.486
6.532
94.06
5.475
-92.921
-22.828
37.294
21.41
-71.557
69.967
-6.946
-48.67
-45.204
14.249
80.178
41.642
18.336
-69.495
-1.295
-34.453
43.687
32.987
-0.907
-10.373
-75.269
22.488
-1.305
77.523
-18.706
-62.825
-2.501
-10.451
5.47
-2.247
59.356
-49.824
-23.152
-31.743
37.088
-6.239
65.879
61.409
-38.459
5.998
-58.699
64.696
-13.414
20.526
31.147
-64.828
-59.458
8.43
89.312
-49.103
-78.702
3.633
11.462
-5.658
2.268
50.378
-21.865
55.494
15.682
11.455
-30.497
35.116
6.809
6.742
-4.105
-43.587
38.991
-28.231
-47.888
-38.692
31.891
9.479
52.424
26.376
-78.217
-16.07
-20.439
62.805
20.211
46.934
-92.728
-41.161
24.543
39.661
51.299
35.136
-28.647
-74.912
29.705
12.374
38.374
30.303
-52.841
-53.404
-72.254
20.816
4.89
40.281
15.458
64.634
-36.211
-42.268
47.947
21.003
-19.957
-23.498
-11.872
-11.555
20.744
30.403
-52.273
-70.214
91.314
106.132
-54.881
-109.847
23.35
63.84
27.761
-14.85
24.413
-86.442
-40.262
69.575
11.198
-31.015
-9.608
7.391
-12.204
-40.602
37.446
22.806
17.102
28.41
-1.432
-28.428
-18.432
60.669
54.559
-23.447
-98.256
-33.76
42.46
-40.757
25.396
14.0
18.012
-11.299
-21.54
-50.857
67.846
63.471
-22.677
-41.747
-43.413
51.978
-33.773
49.936
66.092
-62.238
-73.931
-14.524
100.149
86.871
-12.714
-59.164
-78.542
-73.634
48.058
103.956
-52.186
-66.145
-8.553
69.784
34.813
20.008
6.918
-11.624
-50.729
31.011
97.969
-73.201
-43.069
37.512
37.938
-89.305
-42.922
54.445
-47.488
24.094
-78.237
127.674
-0.866
42.326
-19.071
-71.929
-39.96
128.596
41.354
-34.412
-38.037
-49.314
-79.31
73.586
31.344
0.905
-10.855
1.67
-20.762
-7.805
78.163
28.742
-44.769
-31.93
1.394
-2.502
-81.596
-4.286
124.107
-32.362
-29.173
-23.104
-12.633
23.227
91.629
46.352
-31.243
-42.432
-20.536
26.074
-0.649
-24.76
-1.696
-57.615
14.196
6.732
13.914
-62.885
42.091
66.429
1.394
-52.806
-12.868
42.157
20.493
42.727
-84.67
30.129
4.219
-34.514
-19.753
-29.076
107.199
9.175
-12.831
-48.531
-13.16
49.195
-0.062
14.276
2.906
-24.751
-130.986
18.035
79.329
37.375
-8.172
-10.405
-44.366
-18.979
67.528
98.417
-2.946
-42.399
-48.083
-26.251
4.047
55.517
11.54
-69.729
-33.997
-13.374
23.345
3.579
46.972
32.172
-53.878
-44.757
3.191
102.89
58.624
2.135
-135.46
-48.472
80.26
58.637
-29.3
-61.951
44.368
6.028
-9.279
42.069
-61.146
-31.002
27.634
30.463
-48.016
-53.006
38.774
45.943
-31.775
5.555
14.944
28.239
68.769
-58.541
39.487
-92.242
65.664
20.3
-40.565
-36.96
-78.442
26.699
41.6
85.481
-21.387
18.195
-46.432
-59.935
-4.686
53.061
52.986
5.915
-13.778
-99.532
-0.467
71.962
2.634
25.37
-12.068
-55.046
-75.71
68.448
49.472
58.717
5.958
-60.385
-93.392
63.341
111.536
-47.72
-25.419
-25.55
65.568
-26.222
-12.632
-32.164
-67.163
72.94
-24.708
21.108
-23.085
-7.373
-39.338
7.232
118.814
41.651
-48.014
-58.168
74.092
-93.693
54.568
-9.897
82.456
-43.685
-75.599
23.908
-18.881
109.308
-71.192
-31.212
-94.241
64.254
15.574
15.514
15.743
-49.458
38.603
-29.632
2.643
67.014
79.207
-3.243
-75.587
-38.054
25.178
53.398
-127.109
64.639
-0.531
-65.526
8.833
-59.132
45.269
49.244
70.5
-35.484
-103.344
95.547
39.758
22.249
62.416
-29.612
-188.019
50.121
116.283
-43.402
-62.638
1.119
-54.229
-7.591
-41.03
94.603
16.053
-37.391
100.388
-21.172
-33.772
83.067
50.269
-64.732
-138.061
49.835
38.223
8.317
55.897
-176.553
113.698
-24.718
38.631
-18.5
-81.442
-14.006
31.066
91.093
-11.195
10.011
-7.006
-4.289
-50.968
33.111
90.167
-43.047
-116.444
-9.001
-20.613
30.71
46.007
44.286
-76.888
21.049
47.318
18.262
-15.475
44.996
-44.088
-43.303
24.758
28.771
-59.183
45.154
39.191
-45.272
-40.67
63.067
-25.374
-99.458
-26.761
59.195
44.381
24.229
-14.41
-45.613
10.157
87.774
65.066
-61.575
-31.848
1.304
39.692
32.121
17.906
-123.771
-53.899
49.599
35.537
-41.16
-0.092
34.407
-21.809
53.94
23.579
-83.22
-48.506
25.24
70.097
21.063
32.494
-92.81
-62.142
85.696
12.334
50.411
71.097
-38.456
-159.887
-23.812
91.213
39.511
-62.225
38.071
-33.018
-146.565
99.537
141.81
-23.178
-63.864
44.691
15.242
-33.227
90.022
63.677
-145.876
-129.613
79.659
25.411
18.602
38.975
-164.463
0.625
35.007
51.244
-29.966
-83.165
108.634
96.141
21.953
11.881
-14.488
-41.316
11.099
55.001
-10.867
-60.205
-38.612
-96.536
-72.543
183.805
-29.271
22.667
-62.158
9.15
35.65
8.698
54.052
-12.925
-24.181
-81.918
16.993
83.295
79.912
-80.959
-85.457
85.464
-43.365
6.205
-24.172
19.776
-7.79
37.363
91.687
-43.93
-28.944
-35.979
8.665
-52.259
52.918
32.493
-90.076
-111.802
47.084
208.608
0.67
-65.138
-28.045
-28.687
52.64
30.117
-52.525
-92.229
88.071
-52.498
-65.999
70.646
83.542
16.362
105.385
68.578
-130.743
-14.975
-9.949
-40.643
-142.637
100.948
37.858
-92.845
-52.436
-8.851
80.905
-20.567
94.216
112.006
-35.618
-118.637
38.608
165.395
-84.76
-89.371
29.784
-0.113
-27.995
58.393
39.811
-45.747
-86.267
-19.03
12.412
14.325
14.706
-29.322
-34.273
-27.222
62.808
27.191
0.446
79.755
93.752
-8.957
-63.688
-74.696
-37.884
104.324
97.983
-57.186
-131.424
35.552
-53.864
-116.545
9.122
47.283
77.668
-61.002
67.685
-21.346
76.495
18.256
21.849
-4.391
-103.202
63.583
76.933
143.98
-73.14
-140.95
-208.017
198.459
22.593
-74.112
-259.65
122.378
81.391
130.034
83.81
-50.62
46.68
-118.577
6.948
59.488
3.814
-36.029
-174.484
-41.281
16.857
136.82
52.854
-8.679
-48.969
78.207
116.227
-122.812
-7.781
10.144
41.871
-61.078
-69.665
8.654
43.975
-12.493
-108.28
19.83
23.747
53.899
12.284
-45.489
36.855
-14.989
101.611
16.34
-7.779
-28.199
-20.022
-43.489
-44.773
129.181
-162.943
8.422
113.345
57.087
-33.062
-61.495
12.944
6.962
96.339
-25.646
-139.787
-24.756
127.027
-72.262
-6.908
4.809
-6.915
5.409
-5.695
82.362
-25.556
-19.911
21.528
116.361
-24.97
-61.692
34.422
-47.095
-42.204
-53.387
93.459
-52.157
-33.701
-0.522
-81.079
91.431
147.986
-6.975
-75.734
-69.132
-28.415
40.979
130.199
-49.658
64.895
-55.237
-126.135
57.471
119.422
98.632
-202.751
-123.927
45.302
-2.397
215.817
-106.112
-120.023
-43.069
-3.218
89.46
-7.66
84.982
99.685
-120.955
58.617
-25.836
54.66
-16.94
20.087
-17.95
-109.609
-12.768
17.732
-103.013
101.189
-87.262
98.475
-101.575
90.468
28.562
-34.05
20.36
112.602
93.396
-173.573
-18.702
-42.114
2.952
102.034
-41.788
-20.069
-81.782
73.609
-15.601
80.937
30.361
-45.826
-22.469
23.963
102.948
-71.069
-111.748
-75.683
15.674
60.694
-29.553
-82.465
0.523
186.128
10.745
70.758
-8.172
-76.695
46.713
62.687
-41.023
-73.67
69.569
-44.569
-137.76
2.547
141.201
12.022
-81.292
56.396
-84.077
-8.657
61.786
77.389
-3.313
-109.87
-52.751
0.489
165.748
80.997
-182.34
48.613
40.446
56.698
-43.473
-131.894
-129.38
96.492
116.93
72.649
-82.633
-79.038
43.467
54.435
104.976
64.217
-25.427
-69.234
-84.326
-59.817
191.319
-149.762
-69.225
125.317
-43.149
17.357
126.696
-86.452
-59.512
-30.303
-158.633
1.147
70.773
64.142
-0.026
-19.194
89.315
-25.519
111.528
165.706
-152.661
-6.007
139.054
-176.254
-61.787
-22.352
-159.119
266.48
-7.886
-19.282
-0.006
-324.163
103.601
147.266
2.118
-32.936
28.91
-262.352
478.355
-119.084
6.403
-80.596
32.027
-106.337
41.003
103.345
3.979
66.644
-214.748
31.752
82.28
80.383
-93.239
14.648
-84.122
192.657
-6.479
-146.539
17.663
-93.345
94.672
-44.999
30.609
138.883
-49.069
-15.139
-130.33
34.189
-31.318
-3.601
-160.287
7.083
73.448
204.198
15.665
41.222
42.059
34.396
75.85
-82.645
54.541
-58.271
-253.846
-32.098
81.455
60.866
-165.387
42.645
-40.333
62.885
138.384
8.572
-65.679
-132.796
264.287
-117.216
31.936
-39.738
-33.192
-2.558
-71.121
170.148
-27.696
-63.425
-70.429
-38.047
132.024
128.801
38.617
-35.138
-23.329
-41.022
39.453
-64.542
74.787
-30.704
-119.971
-28.42
90.142
-47.089
-104.363
35.243
-17.474
108.614
118.064
-149.359
-50.524
39.772
-120.383
84.535
215.637
-46.136
-118.149
154.872
67.259
89.269
135.543
-81.702
-298.783
-4.016
201.541
-249.27
-417.083
0.327
96.128
40.88
242.899
65.868
185.433
57.877
-215.59
138.616
-153.319
119.518
155.697
-182.29
375.883
-491.222
11.16
-393.116
269.08
-17.426
62.326
-22.678
81.95
27.359
28.673
57.924
85.491
1.134
-58.042
-223.782
-84.507
118.804
239.316
-26.825
-205.082
26.361
-8.975
48.695
58.791
-116.241
29.013
0.81
11.931
65.912
49.645
4.37
-73.126
53.516
-47.724
67.963
-83.872
-164.704
-3.335
151.256
75.769
-82.476
19.3
43.043
42.893
9.007
-75.214
77.969
-123.596
-74.038
-58.49
37.188
87.909
129.994
-34.596
-17.867
98.758
-20.34
-54.155
-39.537
-13.915
-24.91
-98.668
26.95
96.831
55.638
-99.399
70.174
-0.739
62.591
-91.126
-174.501
152.683
68.587
40.747
-6.466
-121.896
97.372
-27.602
3.039
-83.838
-7.568
25.361
-20.445
39.61
-2.301
65.722
-104.872
51.721
60.51
161.363
7.937
-28.974
-115.621
-86.834
51.886
9.77
-6.132
-41.267
81.667
-90.7
-6.634
50.655
-91.513
73.752
-220.681
76.754
157.901
-134.071
-230.355
212.47
217.111
126.466
214.055
117.724
-66.91
-226.524
-208.268
-278.496
-41.378
358.668
-138.734
526.284
-603.779
-112.406
-70.245
66.763
223.718
104.606
-35.752
34.223
79.422
60.938
-29.031
-21.167
-63.477
-13.205
-52.981
21.416
21.606
44.473
-34.42
-103.047
-32.655
84.874
63.754
-85.388
-28.718
2.119
64.417
10.939
-0.699
-37.71
68.741
113.707
-31.39
-110.854
33.313
45.596
-35.243
-84.848
58.837
1.115
-40.176
-3.572
72.406
-13.107
71.178
-13.016
-99.58
36.335
72.906
-54.07
-145.163
82.524
63.894
-21.481
-24.809
1.853
87.905
3.8
63.134
-59.71
-3.339
19.328
-46.674
-16.382
10.324
52.027
-101.9
-1.944
37.223
70.538
23.021
-68.547
-36.98
18.178
83.892
-71.943
-19.782
61.951
-34.826
-91.433
12.557
151.972
35.353
-30.412
-46.128
12.756
26.564
62.769
-29.785
-137.556
96.605
47.126
6.041
-77.616
78.267
-4.417
-98.266
71.377
33.878
18.063
-101.756
9.034
-15.082
149.326
96.457
-89.72
-56.508
34.796
63.254
-92.12
39.189
0.312
-6.686
-84.008
70.864
112.871
31.103
59.904
32.572
152.928
87.301
