134.15
272.5949311897887
208.39679843422942
57.75341611635111
103.94099235504281
37.84272784041685
117.58827199099035
101.93222842984312
98.93091575154759
8.44979811621112
53.27214769905857
108.01714329643067
103.36162491354642
106.98819974343793
82.59869482321164
83.06862865767307
139.45123583437862
179.4147900633494
170.35179390768113
74.51012362417679
56.6233264873611
102.63572996720336
88.8274316296378
36.48148950593706
97.99550681483885
108.86390148236772
108.89945920059247
89.23100041200838
87.7269760545394
81.46703830809982
56.26189191604069
123.78983816853545
159.8069023035102
125.37411371409785
63.215714717837244
32.91633592764037
62.24289826278235
46.134758077261154
55.01331022691045
99.83869759958493
151.9796296179778
165.5277546567805
93.11712926368637
67.3024745734997
61.95333223377155
50.99118489124035
81.70299977996638
91.57248380487668
48.164694912517454
57.356057075753235
71.03215123424124
98.3653589607641
70.54658455476742
58.048707615920165
65.10495116838574
102.31824453183728
73.24960856808806
33.37063853800427
19.463098063696627
48.13785221113769
64.54646797648557
46.610981183164455
84.6369633272941
78.95290868686631
11.501183666782367
88.9767976407013
83.65615188532159
26.608221007305403
25.75995432430696
74.48627917853744
130.16373157953666
172.88521895829504
133.77879095029897
78.72020182493415
70.32994190666729
106.52714338885818
115.17854369763727
71.4553779667828
14.954029378310615
72.45047795786597
36.95846102198793
60.496237254070415
56.73450501149134
67.77132246250308
112.27361595705953
90.74373595180096
59.10330411753907
77.94502938182328
114.48334236997006
157.1200706142712
122.63517649724967
97.85688198997893
50.98427758982988
29.822991927018396
13.425252083959835
64.93996922458876
48.689355421722674
74.34391343650466
95.30057518166193
131.4518539249006
151.14743087742718
58.57110466149781
105.08690103417418
71.01051480345868
65.7072142561144
23.96756218726252
44.364918023138074
65.47007250884454
45.17575175446517
76.34530583923943
95.58680878176519
58.17306061105482
107.7845234201787
85.59100198570519
104.93103385824672
143.31645891788364
104.88767679335804
223.83431064740043
202.55605922605247
265.7642831747759
208.26341584983993
662.9642736874641
578.8969315909234
142.43457226752219
358.6956276855065
451.10869693463115
278.49931738888205
219.94111232031958
301.991784871656
291.6441407421289
256.8919757890032
238.19100788290243
126.4996063930669
218.82306136183536
345.43115162682886
331.21165034229017
205.94928359198033
172.98587600555248
212.55264075070468
223.76561207434253
95.4622203348918
95.689111001121
91.52248135840641
127.88137334250571
147.87788938163717
88.68530923850594
41.332987355920025
14.912465082791217
17.701072978056867
64.17580633312242
123.81865934215675
126.62138463516713
118.62253962604031
111.89307587230768
171.0009093114427
68.88067237653516
125.7385446691276
106.52708812562751
130.41723966166802
128.11487233677747
78.79262051378312
59.72988299098521
29.31106135041636
74.87248384782224
102.89023671762232
65.69790488491698
125.8225864335187
101.54142516571046
180.51596224152777
204.8357325580793
40.94894983985966
73.46044386047674
183.39803759298064
208.13906259427154
102.0019529006097
123.19566941816896
21.358786607006838
115.25907996838073
108.64114667552695
95.93960770378366
104.17897954594392
104.77523917989181
109.45003678656536
30.39128808702246
16.13365618884565
41.2670649894864
61.117165746197145
102.45319392392526
100.00096365178
20.7746099979145
53.524837502410044
144.55625941876986
88.80777630216394
188.0343539482738
84.60001109517638
74.91857186636858
130.1046549692127
142.10474691668367
75.62839205196192
20.77468636513158
115.9916547063781
43.97747539265502
137.05799800560567
124.9560131771895
132.3155154050567
186.37141110063772
160.2844694224293
165.71695848697328
92.95294368722988
96.98799127607275
51.2518633751866
56.256109138856225
78.69140104956136
143.85630855479803
60.031524919988655
71.40680897182023
41.81360314109903
26.899563736433358
61.65547675215663
117.77503959490542
89.08773825586832
66.20740903411608
14.343711875483878
105.71296838621595
205.34165504931207
220.9186745646749
254.7879486391964
210.82413560976067
262.76446199451243
239.65682045453443
94.44905749606728
115.36314608270922
135.1087128284899
82.67665696572482
51.106198386670904
44.36576147815457
87.83915578935942
121.49552884446808
109.90416055789585
139.9298149775876
269.4413755260621
590.1258403978436
103.0890620530833
572.6781656440703
382.5039948017825
310.79111536570457
176.63057274511112
336.2118952472204
375.7050739195356
285.14049542728856
215.8812048016132
404.78575088859964
225.45445879468173
88.59617737190418
243.5986702024285
238.63452068631926
148.51215273331954
334.80601173031096
439.2266283724719
323.0890849233931
290.86314661133156
186.35842925735403
314.0899104316716
381.9448806988966
218.89789249833137
127.45599544762477
164.24651379755198
173.02288261768504
210.47507216803064
224.95174347747854
225.67938613641465
246.71023484117384
130.7107542444126
81.23070055131492
175.43613807930848
188.1281673730154
188.43110893446246
129.3674992103233
102.75347876316151
35.95963777855959
132.87719074841485
73.97660475669956
97.56198833761513
113.03774542208264
122.75726404949256
114.48255075654056
92.60775170508626
116.54249907242774
93.4646347264969
41.02286787358656
42.41830884571401
119.4779884779426
106.35604311827367
132.81049102182612
170.08744956641516
85.17653134202962
112.60637880162719
76.80081552301937
119.35913774564264
171.14057613819003
141.23963056892126
52.21381710108286
63.9140329331878
58.350444120206014
32.548283919539976
149.844006488297
265.88379064117976
244.16709534434435
148.27744253023715
60.89878400657807
144.7843882261117
114.52206727380698
68.41964679047003
92.81860689622694
165.428807767582
121.41475800129055
134.26321408405036
117.91176475350794
260.10229006779605
173.47294124550322
126.00969885297721
88.2415444798623
168.07045411330154
53.07971647155727
45.87043156763249
53.353540048695905
103.89456382073607
207.61121870290907
136.51454831335766
155.4492973615103
175.37803777229846
42.58208033723938
46.011834416630286
89.62606729061262
131.97726136460375
111.01331256050337
62.126837876480444
157.53452498551343
67.86552551245144
54.11316280685268
94.96210053669716
110.70442233066859
23.688489948571068
151.73750325814578
244.9766148295636
206.60497681319538
113.48648267373048
32.547167574846966
93.70839847385082
169.6511061195812
141.11146802810524
48.991476489470955
232.39576843538748
168.26971318725228
113.68671740031947
192.4510981117851
97.51368897504962
209.56081592911247
161.81119992784508
200.0218909765655
255.06733474128217
119.28572754581755
481.3931787052011
298.0422288966854
177.72065919258733
263.8648813885495
33.1570883175116
183.80810661740279
108.1559721625898
479.6216802601542
290.5011455141758
52.52399867760015
32.06891107979093
266.5995851825905
227.39523796582534
41.9657680434877
61.870150045186485
196.89156789589788
180.1590311968327
108.64125950339135
219.33537487687803
201.76785059202632
133.33322390359476
44.895985469444796
123.93807163189902
19.439977846814788
13.113836861471608
72.13113540239813
71.84573662518997
197.11096206137887
158.7915042776337
45.27295821693135
98.21276117825118
101.30799178760734
144.2496636004736
23.606129252336064
47.015095543410936
125.82339216412655
144.74412262302164
179.3318489349318
193.86347413324503
109.31482980229404
92.25035241793094
96.71095944713818
108.85755836986283
109.36323263910633
106.61624705305479
88.4669954559278
47.57797860035492
139.97059483552763
101.5660183079647
194.81726309287478
145.17479976441237
170.3811038678726
151.6833830627915
132.57422829775606
84.8554383093178
166.72503236915338
87.19639656988966
101.5799372071845
199.67340021693997
160.71929115868812
179.93793049502818
63.824663235146176
95.44839455538707
120.02096590830419
209.00488567080032
84.71368318584399
72.02239690693018
66.18729587492528
92.96747148051436
77.25982245840191
85.00289152769449
128.7201544849339
162.80551860589276
96.74603892165764
145.1257877898252
100.74964302765405
71.83535844318995
73.87320799435349
67.57929332745398
71.32435904827425
48.9937710171467
98.58185744966347
87.92271530101824
96.32285561938463
46.043335469328476
196.02451285953623
98.7742263397769
101.37060138919314
33.70605145042321
119.08978393532202
164.90436295473813
93.84518365473872
113.5014280642939
139.11224496233322
115.82838154303097
49.848633893445566
22.469837472381048
46.0884787708273
84.70724234030706
80.96399106106655
39.63594682608088
89.45939426793397
84.09364421136382
22.639805525095646
62.33139630611424
127.75198784729497
151.37438774329414
60.865679559385526
97.88842837106817
197.72401372774053
189.85076765521202
119.36118156475418
33.585268383588605
59.02531959037058
85.16447950733165
121.45663948454116
101.61516971668046
111.32620335531867
109.56155440236307
153.76021750756374
103.5058800075454
18.914042363099426
49.610755851558935
109.6207061966993
64.67804949332717
79.55044005194083
45.07497739051275
81.45250756234186
42.70553362659577
126.37924044680838
159.34428112190454
145.84205832618645
131.67940575122853
45.39447941402325
103.09975631262112
105.69429119743755
66.45933239280738
132.47469525876969
215.09994988243747
220.53922871219896
88.40631823243805
93.68562340455586
179.57600312493287
237.92330665118172
213.57330478079564
122.10926826326822
124.0469611456228
134.02066940066746
86.22499593155585
92.67267525373359
50.8303425515822
138.6188671003203
77.76811231035268
103.30999887762033
69.22986903911551
83.48879475617626
126.74484989772476
157.28880497286443
146.6853854508094
120.85828984839745
36.871297449341455
74.98715495934312
94.92746682170873
94.4229657318302
95.96210516615552
48.95946555385507
50.09694317800239
51.67921889232385
71.7630383153425
135.8901008374831
116.85242798834446
36.04178436185296
55.314422243201136
58.55365399398949
91.52958032861206
93.95990644263347
16.90521230902332
7.146133612076458
30.869094691968634
39.52218237718478
110.78790359957216
128.69525803087515
122.1871253608745
140.6265166913767
109.83685578516587
99.84723572500334
13.344098725319762
48.81533737583746
69.59787294581804
111.69092251495479
81.51034339715926
129.17679166564724
76.25545160561391
163.79289375089687
144.14313125816963
77.54245503496387
45.25364614359629
20.924871564928395
69.48358548662301
14.010655656850684
58.017522142338564
111.49974343697404
93.69689886103484
38.99559681569098
53.868144797676514
52.22577619238232
56.24864323867098
40.08836785863508
65.48466157719555
125.97336378707872
100.14179164220145
44.5150571503344
58.459848244474514
79.18906191512458
93.36843200245596
61.192167277164856
27.676902319226574
34.524595062140364
147.3929359595531
149.81815218720044
89.77120693001437
71.05124197293094
56.9503507690637
81.4420847093385
142.50316896981002
126.304792103842
143.4712664732038
174.75537264974687
89.6569191260307
46.493649910447616
79.05973705395365
100.84108237755503
120.8858664419163
107.49988749813107
61.143481569951945
102.17056831462256
154.1822851667014
138.64818619859793
235.96183630706437
272.2949155555626
97.45581209653544
154.72927666841483
227.2110219927964
280.74885546674875
167.6000180979433
208.04735635495666
173.80647828583213
87.743583821041
72.0635282590966
128.42819878584248
66.38205357781216
79.72523873308813
39.55283563168717
78.36244028513782
37.172577118243076
144.40206152420163
111.33720981726401
79.7146389414275
91.22321808772443
54.99162311685253
165.03124993756185
115.57390861138599
58.69564697634379
134.73712646964972
164.20427752416975
116.84543896150542
104.94783182764755
140.66525854406706
75.44715194352518
99.91880324080265
56.16728770112067
140.80746885453757
86.48334977399159
66.34670778558994
55.82420808908393
85.21045896794855
71.71928123176957
48.28837808725623
57.86767675348784
18.01105662075071
22.384188964041957
14.428083579084461
96.88606270576813
87.09861352025231
83.632416408746
71.72547953225188
62.07382129388883
45.538426778466295
41.61943853225492
68.57934647772673
94.60967199070416
162.14038202326043
179.36293333963897
139.65944908086243
118.66219990534098
98.06313418662859
158.36931195046137
132.13918763175906
21.427256510899763
87.50295890070693
97.76568352277478
63.38904064446943
95.30684597607042
150.73337600571054
170.5792433522058
163.78501479822822
106.43114617894199
12.483071479639351
29.485982227012062
161.49784790650241
140.81644898449122
108.38103431674776
18.601413225139158
83.67253416117744
90.43501709368763
135.09213758858027
82.90354991944268
88.6696458595934
140.86780236236413
101.7097032056663
57.62266748175711
58.39098430256705
57.90710012167829
32.47012180214387
66.80846402533217
136.5533642361388
212.6797464069186
200.9614141419424
141.44426424934142
110.6823988666669
79.25001703116288
81.43181691241357
52.26757538796237
9.248285321254794
41.40833996283152
35.76064053176029
84.30417024116265
107.15381040481866
71.06844752111026
9.301677914504657
28.22225009306056
41.85726683458693
12.864998518482565
52.07688438244564
96.34938943242005
94.5683558451578
109.3890294772887
108.7643601995342
83.68957422612917
126.23538643160869
82.50894959320765
38.04084228873735
65.90186200680549
54.95468476011815
13.777561827903273
35.65125181201826
80.6512622798091
71.91294843156534
36.2801466956302
140.7461020746719
230.36632330714056
88.6422411874101
125.82070241270235
52.68750523518384
90.09645968285587
22.09528798757081
91.07983297973945
61.21382734840569
47.05489624031494
40.1924969301351
21.63302328612827
114.51927902410758
100.16945827748856
121.99349093482056
113.207767428413
31.655378909351455
96.19002438481314
84.62866106776127
119.6502129348011
168.4029653516116
91.47680562045228
21.383807089580586
40.701100144983656
121.95639526034537
163.3068262250164
165.18179428517786
191.48907529487542
109.83318704560709
34.92437675722457
46.443550728861986
59.95239366752907
64.90629422597725
70.96585401027363
186.1393004276045
248.71503798104277
154.43424788798725
98.89386072480016
63.291878864724985
72.93028262776612
62.47608941160254
92.61855595053825
167.6994219460519
162.9412613426942
117.95485766178082
98.04319636387423
51.82767105397784
23.2922345846108
102.62788658843156
117.34262105471299
119.3312565624623
40.52527889895135
58.578506569994815
70.4931373877096
94.13718641217062
56.27401429953709
83.63292092213624
89.2946817349657
58.65561920519566
21.839203391390694
35.62211465712594
23.820470285141763
41.38413287117498
49.546443073597835
60.1290543019942
134.4074191481243
140.41884865775384
85.29576098752027
37.04637204444259
39.89367910793893
32.80621082120558
47.483475236331536
108.88734402281032
80.02407444699817
87.99274964734708
87.31745754080868
51.828277433221736
61.61833611228809
26.285288687565302
52.19212030794489
75.05312985281134
127.36371887524277
101.6818335505543
64.69555554652501
63.08211400148792
67.84943847709923
86.89299477911143
39.414780907529504
46.25285927211931
59.732863996073355
29.382394964491723
25.020717521491594
66.71831972824424
59.82068498500962
65.62688553876953
23.052703609275394
34.06207937574561
49.44507631269292
66.43104370807933
77.3146588754231
84.66023487946468
46.626498150636465
86.23226184418226
22.343939517968725
71.3951865681477
117.37897451357335
113.69989013976071
113.8358059599088
90.21962823924915
52.188016463473964
38.437625191542516
7.443206048475201
10.24209530399135
73.81216745951612
92.87058069958418
55.74166214773656
72.89430354477244
81.92678440705504
38.828019858531874
72.4033566772875
58.89537833632064
114.41257587645781
196.5911392159192
123.3941099216913
11.292642822751754
38.78718663215383
105.1879071820118
138.7195432377927
71.63918364249425
180.53410301343433
120.18704015941796
35.13271041648961
65.14318869323813
101.54761267135567
42.14444853404609
20.238151868878322
94.60662264645684
99.45503911018207
64.3564856545675
96.1617800548709
94.83117248707893
67.80521130846124
121.80652085320683
116.52368328951925
112.53576243303361
194.58107768188302
129.07266008739646
96.01337790894429
23.369825091884852
57.30480904824237
122.73160426507546
117.28711339445114
79.44887366817413
88.32798488946636
52.9927735545234
88.17592783988503
69.63790118726583
8.959175726846299
73.47122291324924
76.29819262520259
92.91050090595617
127.21023816941721
79.45997137198034
32.25649459178943
64.42862491832248
79.66311454207202
121.53613429824385
81.39170772172245
68.27437841772011
66.48121509684039
34.555618538548565
46.05294050694424
51.4956609458678
41.913073806008086
22.54295703686577
24.215068964197407
93.4555142940497
111.56732694235664
32.42416914106769
114.11669075152288
109.84338954527414
30.65903087767599
42.827289183664575
80.71270554526068
94.75780468531805
85.77548279039065
12.034180987513519
92.80176953996545
102.302369844401
74.40793560175881
90.82023464417142
119.63541118504274
55.067854752288916
121.7234717758527
108.78263055930285
47.527015096117964
18.44808890203312
25.317925003835647
21.96409332233955
29.40739148267913
75.48846377393222
105.39244197175562
69.78336864987887
36.15177645529594
96.54369204344971
76.7836482558165
25.673561275366456
36.1809168862976
93.40833629753341
128.4981285270412
132.94526807460636
110.12209800983554
80.86214357452697
81.3261469392592
58.77552600086763
56.99419874945889
106.43311561913397
119.60156559613912
75.20002309466285
35.01094208002376
27.010395130993434
39.921439070142526
75.1522636496021
88.75039837494971
99.95819061078099
71.5352240979864
25.759129642002534
64.49834343152389
60.576901151780966
78.4880533407336
62.16900677152073
62.264914174794185
26.01730555849405
60.54052533424567
87.6453211198154
51.9245254484463
90.7398239214801
84.63254644535256
37.27849219236802
76.24631400765745
25.648061811170454
65.89584405584641
108.38577843194602
73.72002099440589
59.965462934693925
83.29801203337895
31.888625980653543
19.88112253707239
36.15907347385826
38.80269599475419
46.254529670426685
41.60008062970726
123.75003323622548
99.59523240142587
33.61915861672704
56.079083067894864
31.093459056913957
61.15441843294022
58.653342723874765
17.109431832321775
16.348228378063464
44.46894703477071
70.45574000926149
49.96678776852582
98.38959866834301
109.99621987329398
120.26184148295589
142.34766532885936
100.6216740739202
90.18598079010044
105.81909453870935
78.39965498695081
61.72051278852752
69.3443858153818
59.052410533679705
49.89847174761695
14.247307177414964
42.510169505181345
27.455202270187517
54.00423345246761
71.78184402693614
84.29359713743273
56.12771892936786
55.414573578933016
27.02436584421409
61.885862335625845
80.53444901395459
82.057528556381
103.62687617135104
79.86493508038566
85.29007109678345
45.815780963246226
17.95075637898367
15.010372944634804
76.82848845585806
97.44184200495437
94.01554354601117
140.03061666358713
78.18784340308699
22.566445055628204
27.544463125713786
1.119665418815378
50.52448236888304
53.048258218343044
51.271258511253684
73.51717095337135
34.13142709591719
107.5588180643326
76.89853730533964
20.20053200641816
36.22315637378826
56.798311058567066
70.25805092049532
92.08865452239287
63.05635246224874
20.502475568310793
42.160700371509186
80.91599505201788
70.10763452104008
32.27302994978607
70.42580341121392
67.49590222329122
77.58969489464864
37.0594479849738
7.885560374234789
50.31842015737772
59.75428380275969
37.25994926149723
30.203483378211747
32.060522325516395
29.461112468328537
54.28481777973111
48.63398453896144
63.50767967039776
95.04100197469222
97.66233151998871
29.79700509333621
78.24581089982479
26.160304029366223
41.70810962065849
112.40158319355943
129.87645231089377
65.70976974923039
91.92835465119148
40.30818689645289
11.924247676938208
57.99044258823059
78.63945919310925
75.90018970315252
81.35950251829458
41.326246680387776
26.04188628157935
29.64584028032158
35.697997456417845
58.406391264102524
33.16572854506644
82.7407597913906
116.99669497361182
53.277262614122314
44.56204259597838
62.363005335742
111.95761569943875
144.38918222623232
64.24747940334242
96.19132666149103
137.42280283546455
48.30390850682425
44.51379367760502
129.34835172393858
112.1281254267053
24.94469020011529
52.17580356356871
55.950727433675624
99.42857340397003
113.9281080237604
56.204095692244245
39.10801634437674
80.78334759957555
135.16078283463042
100.38317593545244
57.22051934492353
51.15053724500639
11.664636627447393
64.25637467154782
20.039975544387868
38.258419454327736
69.92400479427623
115.01039719815662
66.16653675719179
73.849396700118
121.89956392216743
127.60744303750381
94.4696829398632
80.51387478182168
112.85154528254495
45.068266213433596
130.13312510524568
107.41495127375221
134.48229546694284
74.28542163393993
88.56927113119445
81.52966936336973
58.958391905428606
33.828567070663865
57.83024959181204
61.68186877592626
49.39098727951564
39.60865078153373
97.62834632647353
99.51815234433413
72.82491556345504
25.62829690933568
35.74912701087837
19.78174319196593
18.51246834907442
45.812649286892835
41.73882259351226
51.56589884189301
58.04253978488049
98.4009482817918
105.49959166612919
73.69311401011755
64.03256017047916
53.57283670469392
32.57731913795207
45.09780229944283
29.467412169691933
19.733194344476026
24.543915092246138
62.35177827215395
53.560071694401316
25.541967417953472
12.312164376772207
12.780936242818463
32.156178710724376
77.20662163997783
94.44772150828938
68.237909291156
92.18293945456364
34.05076761722335
45.20622460632563
39.6709210640697
64.29555490071424
84.7318415813582
114.57601954925957
108.39955684900332
147.36418433138772
141.26468460353058
97.05275502074791
61.86841181638112
53.42732514952985
30.49992517739905
39.80891839147515
30.49881197713331
35.599335938264005
33.37407738899681
70.15031295577234
78.01268602259692
43.71802783352223
59.276865038293806
72.73710392187243
21.766271805692934
43.07454484867607
33.18443396027931
52.730671825879185
95.60164181952224
59.87280839975461
70.38218175186816
63.94438008370048
39.20140474388631
12.620668098521937
69.90928323250421
75.12916543852141
47.632395278429264
76.60541138962836
51.49290558734559
50.82726798382322
40.80929648844196
96.47883276327481
116.64995413183445
56.593902337636095
44.53141533451343
77.23223816673223
42.55689094482591
43.112256092792464
84.88965335006554
61.56464635790853
53.42781441817736
31.080438649999586
43.26724939149399
63.46355045860585
47.968608801047154
61.56516489198015
41.645637188437036
43.80971190660319
28.441661968166066
11.328844001417034
45.52683988036832
51.821820953679975
35.77850234248853
25.617341564803823
20.205579442229762
56.01797356721388
37.70634947939367
54.184164969571036
65.80823588887309
30.42159631295115
63.06925090887002
16.067108125558388
89.93473348680028
84.9223865879555
106.24009511501873
101.515974820596
62.48517529620258
75.65453880009716
79.6778506863404
38.82992169825556
43.63712893279933
68.06097353248309
62.99153820976455
10.185718073942944
64.18098503320552
85.86615694772125
89.37864628759785
17.635900248639867
74.15531159469536
41.482011439648375
32.12818738407346
73.23418816990649
59.3596184269435
14.938225658781585
6.466898555801179
41.29923464327084
5.892417982274998
66.40954628183896
69.93553459092765
86.64268372727314
57.05414301984938
31.269711600405383
83.74988666848735
70.37063515014697
1.0345480311879576
54.836735442701006
60.87225439602341
35.89535517192947
50.25019160511415
91.93798491451574
54.46874180058402
42.576116941946516
87.50254984098086
122.57923213550582
51.98382666838279
50.74297895872753
57.63528670558092
81.73518905148418
72.492925724321
58.00079349712157
60.81927748044762
44.92364414517079
93.65172458676992
100.75525927403228
94.24013647199034
39.462542380942004
27.612899144664517
53.9254598766891
48.11544296867274
73.01484742772514
132.42006207703426
97.74354749893443
94.04319708349088
58.29689208933516
67.1900429814051
56.97760555494042
40.88054179156473
62.784456302043935
41.47390669349764
29.53055392216969
82.43350680963916
51.285976581776914
93.90517652068667
109.71542151975527
68.44667221401181
82.03669437399391
53.945400338190154
37.28675789399477
18.574655559749555
4.546571642549277
44.95259051429402
16.814242317214255
24.239383468164856
18.535311770114653
63.41154675626514
66.1511117368601
68.26788891327594
103.19526721504974
129.77678060403593
113.44995016969848
76.90905003510485
30.431831236697576
62.09790881657445
48.81432419013625
33.267142356186284
94.9463947981898
96.8775404621442
23.35452015131973
95.75027732969392
51.93027298036688
53.92864570223917
69.19214327149524
78.05835252752048
38.83896326683991
54.122156167597694
19.774548136988
75.6831826883919
54.60721774131307
9.317219308423974
18.80966986013882
61.5688624405545
53.687254807259684
38.31401285119895
74.46326328792462
36.59045717211615
39.82555325517947
73.65708679688407
35.75550080779234
42.87291073990241
81.19234778865959
74.79464331580792
56.43834050820485
23.39784719019879
57.008330140819524
52.38980268710175
40.51946858420933
35.531486113121474
75.37157135337588
73.82442866748929
76.88695717476574
40.17377434880039
91.05495999967415
92.78279915610052
60.45397976373972
58.78963992230625
19.483347716773743
44.58129624073125
30.85297526185863
27.78162118849458
40.797861457698936
27.117425105988772
88.34257270669664
104.4553933588983
64.3804852130347
82.29851922986931
104.00672562371675
147.0277908249093
97.40142073521022
85.77500958085734
88.80774474585392
79.67378438767665
25.88610201248379
141.26136837130502
136.4780578103255
37.3603015302634
59.331158629048716
92.10238125943384
95.0327300359825
37.74628796411509
82.05226419179918
98.13228433211471
42.228676370147085
26.035169191953525
82.81782902177929
113.59161787810686
45.44992684558684
40.73889892891103
85.4547209388683
34.579991745783836
37.09724321374463
39.201202115435315
74.75081056151726
21.192856339945287
81.0008008475579
85.47292184757447
49.58535011417314
30.894333856269288
46.56515545326667
24.410570181004402
43.90499580367384
40.19405788667757
26.071774155877293
7.888361684575541
16.358336844821252
63.51660314499129
94.11116714470775
87.8385677694787
79.60261063690855
57.45755239845574
91.17140165832858
92.41849532896289
96.0295090166293
96.36333725683883
43.39808124349947
44.12934837355272
50.04488701857276
74.05627520218641
102.26509973978227
117.40845260921063
67.91792887818049
47.588349513586095
52.55268136893154
72.46148642260937
56.47007355990176
58.31083091249514
75.92527233412822
43.08649489876775
14.05444295420592
37.370236680389354
59.43006411286299
61.09719601027899
86.24369342500998
48.33801193120451
27.84466946336412
57.78043413814664
48.03578038037366
38.9285907367964
57.5470402617324
90.21969630090145
59.16678306200993
39.32444114659204
66.8302035010897
77.15591353347985
89.93227453623733
105.75036826013856
105.08338402047058
130.21393187583118
101.02008487883086
78.56277149763815
101.39412842767892
88.40367039194265
78.68791063740366
53.56120585312279
59.04903708158531
28.718614563598766
17.845616912587715
29.058277807779692
35.105432777472245
45.57635248728942
78.18882997054207
79.73785638845985
18.28670877741212
72.13873539671687
87.36202772226828
129.76564464320816
115.8204948438977
97.98346737035077
146.32277650379044
141.12459468951909
129.141061222876
98.153691381677
58.27131210661732
36.38565283061138
12.15379238777096
64.25600707016955
93.98711835630992
82.91899526648852
57.21873713214989
11.253164688768008
71.32757382216151
57.0159395260002
24.614114464277094
45.80796281952158
44.422860350193595
42.80025780444199
32.51821778502908
10.142919819014992
44.61448063200794
21.872095622069082
80.27087089243761
95.06386327605159
40.4209428114113
52.55651247029085
65.29329425520213
40.0160593078338
9.602735352179335
44.9730137645512
93.19401168999057
79.75098341691374
52.0502345889184
65.66873551716945
43.248854611986296
99.66195510574566
138.23737716746007
104.18285428342419
17.776463343644696
52.037164060798226
98.9547984634133
110.80434607054765
19.704757667469178
51.46881187477746
40.971539630672105
38.29706225640558
94.63990775905516
74.52268444496758
52.283773231863755
50.98677296326815
121.65619181269236
156.99046113607355
55.3596463012468
82.6601148453896
89.02463486380692
76.28281192260592
16.090806868808222
73.77752403911823
101.23706436641913
81.5192585038261
27.693758279333185
29.989232669223334
58.25656767794157
57.547013536127274
43.57336857980665
84.11098266443685
96.97842603683489
24.290362023562306
39.46498115631793
30.357742245653526
70.79478732828417
64.29202193723074
27.016912832236503
59.158231201957456
49.05263871176521
103.15036556462998
105.71966407474956
65.33125456631461
41.79622358300655
42.4621369762424
139.93160439893927
101.80791138636819
62.36490562797464
11.954511609603752
104.26282645464833
66.40030243254351
79.56751499609513
123.43940121466215
197.05553357505065
140.0212657022385
23.925601595868173
46.72584831034886
69.81905692920434
54.68024194984758
108.35873126545444
84.56801270494051
91.29860926559721
50.77444207817972
118.43274132979809
103.38283700837985
100.43156515610418
112.4937155146412
162.58173620914027
97.61823279884467
88.89704381578284
34.983679937718236
42.13686568917857
27.652686335804297
51.31547622860482
38.26904708369934
13.859053591493728
11.796578120161557
54.98730694429296
73.24453363453182
7.828791287452872
61.28179319902467
29.57788259301983
18.58777630151153
49.156316176694325
73.77130700123486
65.6984331280419
49.76043824029997
59.73747890538712
31.834796618630442
33.15806083039384
45.70469043521599
54.80462691973509
45.43013362591159
41.882406767290256
46.86582140179562
32.924152467631146
67.57679075004859
88.03979002516964
92.01285537538466
102.2349372940654
81.05192758713186
70.80392263220813
106.94528165784696
100.55498099501192
81.4109687927624
34.44182863292992
23.738110928419786
54.13438139694652
58.969835960040406
48.86403436870515
76.18602730447219
85.00676679584281
39.83708174926075
49.25416551704446
45.15472819557335
73.5398898539371
64.40208150359787
121.10833680103984
158.37713953355518
98.95863354349892
70.7036139165848
48.06976603435854
58.57887259319137
34.62004688188593
96.84568007072829
119.93469613847371
123.53152672696864
85.30959059637989
56.843949291571406
83.97951651801088
58.82622202062065
51.54900394189899
85.2803834462092
45.47876240259867
26.140323557384463
10.689246129005172
81.98341387798855
59.946742087090286
28.56256008881194
51.69012878604789
60.45205703388402
2.3159304045618327
72.3998779157892
122.09861761060313
133.15651495753517
91.57570905823871
111.8624452768744
113.95498608620939
92.02229261858506
68.09135728828484
27.48427519851446
16.06883470241556
78.70953628916565
75.64347424941428
24.0664921487917
101.89443185079251
150.3183202672056
130.11668476939744
15.999888195144264
51.83107821155523
51.466978323684096
44.775135325512
71.18083313568884
78.25794170116068
64.79212001449541
28.61632401285402
40.03829166442441
26.706639117402627
11.370265498761775
66.18563788203738
122.35797832149584
91.9685631081607
20.891950853048346
33.46390177099346
65.72039425311074
58.636831019532586
91.63729442187547
103.78578363049981
80.988391894077
9.019107760154737
39.718643787697225
37.33056367994355
44.009849839809384
107.85250288946787
78.73717672197809
53.50020563130265
63.283389728203396
129.2942032826555
90.78125942935782
33.936702965281555
43.49436888643093
83.56627827695506
31.37505134841208
74.50757301510598
89.26023746770721
35.9187148571422
39.48578375640978
67.50875000801727
54.74292697248548
10.450963559484169
103.25797923702216
156.03180333789268
155.97570016755367
90.26643178864299
114.60254229272572
140.3431883364446
82.52333987358458
45.309449154024314
65.4267363449612
79.4163766824337
23.829060597213328
42.59950716605118
33.586854886855605
53.26364407247689
88.58620404949549
38.71501651161463
60.42602856375619
52.24376632413575
45.31776284177308
69.29073404122641
43.45831811683223
26.994658875034986
43.9430018734953
25.019949567592285
22.70644969962656
72.13563122174394
82.08907967271497
138.10965699573137
111.56706707215355
33.280872709950806
11.136463031220027
22.433666489730147
20.18745640563592
77.05593293487856
107.60849761001731
114.80835025721362
61.38091323835957
12.255502260541322
28.13303825758102
13.147694392932454
33.183161873822876
55.269382617347716
59.089067025713256
48.24839034734628
2.6359001099548114
41.14144916328215
54.81349467953446
34.77795482537774
55.864606630278054
69.03507932026349
80.73203475928072
45.42938491104206
12.878953547051065
20.069273496276562
37.033340072700035
74.06816494550525
85.22383000257963
20.116941602060066
48.868751476119265
66.97449738480313
89.24116428084479
50.192162688415884
79.80986092790496
98.89225470406267
62.531562023566096
16.509567242096626
79.72415430645873
98.74489104897278
29.18813939295677
58.81954902346284
59.89565199771545
45.432153884071255
34.55170455742059
87.08369206084595
85.98211431313725
74.3976706664604
36.31606904055868
78.38057567042418
42.37077093339553
26.78103171917202
92.5282952426309
120.83318434737944
75.32001580253699
15.922154898360292
91.18139531096604
108.70465687208144
72.03889592058158
30.365214082449338
28.88367338089782
75.7796811573563
72.54546286851948
21.066977720229637
61.13337174583063
94.58387212680913
85.67601631511157
23.15929295108597
55.62290560944837
54.02713369829228
26.6301551825424
48.920333465650764
109.5634327475838
125.23808972649705
60.645007452790296
47.03130451461389
93.37295382504084
77.88854786650299
85.8905591942692
157.54071075262917
211.4273853771655
141.6419368722716
82.93414798807734
108.09802254806239
142.50541590948671
54.03291506528926
67.89325362635503
115.3073333004007
78.48447027524905
43.16469252268635
97.86761167935738
75.086301825734
33.161638894640085
47.03092791807018
75.1411720991066
47.52338057628874
39.09554811048168
89.4699035156405
89.7595432637091
70.10216487255018
12.428835147938019
81.34044858901771
93.19558913550851
73.33571012335648
65.42825631121622
22.47689259604748
82.29598348297256
80.70488711352202
17.991839323804086
59.04626386842167
71.47020725486185
47.91126704903457
14.529848578904609
76.74609823203376
141.1616361384665
96.39670172641495
67.39640396117174
62.805767588104516
110.26541703743018
128.5172552988513
98.97130358815393
51.629456051543606
54.809861712810445
43.0376336784797
107.71188511061064
124.66258921959799
83.0823209703911
47.567587126396525
49.702883370032005
91.53280620818042
100.72522480453077
30.566546145287493
46.29018895438132
84.47424471438272
58.63609431325896
57.13287067294851
135.30676808726633
139.10426484014633
140.10417164188945
96.31020010601775
10.523579904248011
48.50598911277224
18.483240077981293
41.73249952661684
94.59876196276188
102.85670922987275
95.46974340351015
68.17808422934161
97.31526814248778
64.85336360454218
34.21996761153837
56.50363771485761
94.32422969673281
65.95268745292947
57.229043888105366
134.33495621315254
120.08399199264502
78.48963437281893
81.8819610023952
108.44563151995003
76.4970468390392
34.78666638407582
44.78665101148837
70.66457949964403
98.62210789410744
64.93211339308462
18.93793482215542
55.71511450899342
74.7477891448826
65.71178145231646
24.596374844114333
12.814625223487456
13.382770401523215
41.94169017648198
39.15353366113067
112.41157038012535
117.93781113315084
50.96347574975443
17.566159718009082
12.821122516410306
22.297485152935486
48.22583319492279
115.49864526948107
141.1760867569749
104.96176844566516
48.00069899869118
22.18261679094349
33.44394434959021
40.47497518957577
105.3503158483773
105.46860220176902
95.08111298643044
43.14437488709437
53.70282342798371
68.35292941034693
35.31485711629862
10.096709609344774
64.08454006905909
67.10981301138928
22.501638476473648
26.69414037822103
22.832217019663716
72.97602651565519
92.53952711500399
84.06508257172122
56.83232367480387
14.225525675702993
32.85309894207553
40.11758021468411
33.55377923718317
67.19388441811157
70.64230446368002
39.0600709136634
81.69262270364467
111.38524975731025
24.925649513422663
64.75630832051651
103.85334346366899
116.55705927412745
73.8492748175473
126.72473656930688
180.19033806765194
127.23325521022161
39.5773753590924
20.878094637316753
37.71551491785966
48.34236843389442
99.49507587717406
147.26737391948197
102.4240162777944
28.767149997461544
80.06036923863333
84.86485068889756
61.554737454788615
59.37998566757739
85.68393640386807
59.34928127877015
28.968548947262303
40.71341497069926
115.50666341266611
122.94035627919321
57.20588160194978
36.52549717206361
65.7388792604409
43.34726101665562
24.620849645457806
67.44553485309976
71.32339353311862
34.38721084877827
35.42428492543899
99.82240354029507
110.69770970882276
48.415689013211136
24.783803169430726
54.74406267535742
67.15474026045024
55.97318260457716
32.5400491760983
62.805864353059114
25.408952066312285
71.05395973582726
121.4143128469507
98.04556422373113
49.920227246271054
24.06422965460428
77.43520089975233
94.68333409270755
45.29847242477246
46.447715875003354
25.079708551036024
41.98212962871527
74.69942225172282
45.91080066390254
26.80258674068842
36.806095222286494
56.80982513887587
34.33152297311463
38.83229884460287
110.02129113896315
150.04791133248355
52.206401602053774
51.14616815587898
27.308468690532926
12.12704071594671
46.28644349999353
106.25007531957995
109.10190453362553
72.57129596073376
49.4876308545116
31.298756490946847
25.498129458327806
33.28385633830971
77.77265964578724
85.28108441666508
32.90670423140404
70.14937338587545
99.15770641343126
66.73572601458713
40.09212421798091
103.84628960356858
137.79123029948113
90.56618282791524
71.2456406179739
53.61274040036575
48.39886480165186
31.513841286816014
49.151121265147815
58.25851586319755
28.86384314881471
11.878345619468515
26.31000000000001
11.878345619468488
28.863843148814695
58.2585158631975
49.15112126514785
31.513841286816046
48.398864801651854
53.61274040036574
71.2456406179739
90.56618282791524
137.79123029948113
103.84628960356854
40.09212421798096
66.73572601458712
99.15770641343126
70.14937338587546
32.90670423140404
85.28108441666507
77.77265964578723
33.283856338309725
25.498129458327774
31.29875649094684
49.487630854511615
72.57129596073378
109.10190453362551
106.25007531957996
46.28644349999352
12.127040715946753
27.308468690532937
51.146168155878975
52.206401602053745
150.04791133248352
110.02129113896316
38.832298844602825
34.33152297311464
56.80982513887589
36.80609522228649
26.80258674068844
45.91080066390256
74.69942225172282
41.98212962871529
25.07970855103601
46.447715875003354
45.298472424772484
94.68333409270757
77.43520089975236
24.064229654604258
49.9202272462711
98.04556422373115
121.41431284695071
71.05395973582728
25.408952066312285
62.80586435305914
32.54004917609826
55.97318260457715
67.1547402604503
54.744062675357405
24.78380316943073
48.41568901321114
110.69770970882277
99.82240354029508
35.42428492543902
34.387210848778246
71.32339353311863
67.44553485309974
24.62084964545779
43.3472610166556
65.7388792604409
36.52549717206361
57.20588160194977
122.94035627919321
115.50666341266609
40.71341497069925
28.968548947262303
59.34928127877016
85.68393640386807
59.37998566757739
61.55473745478862
84.86485068889759
80.06036923863334
28.767149997461548
102.42401627779437
147.26737391948194
99.49507587717405
48.34236843389443
37.71551491785964
20.878094637316767
39.577375359092414
127.23325521022161
180.19033806765188
126.72473656930691
73.84927481754728
116.55705927412745
103.85334346366896
64.75630832051651
24.925649513422677
111.38524975731026
81.69262270364466
39.06007091366338
70.64230446368003
67.19388441811162
33.55377923718317
40.11758021468409
32.8530989420755
14.225525675702992
56.83232367480382
84.0650825717212
92.53952711500399
72.97602651565518
22.83221701966372
26.69414037822103
22.501638476473676
67.10981301138928
64.08454006905913
10.096709609344735
35.31485711629863
68.35292941034693
53.70282342798369
43.144374887094386
95.08111298643041
105.468602201769
105.35031584837728
40.47497518957576
33.443944349590254
22.182616790943445
48.000698998691156
104.96176844566521
141.17608675697488
115.49864526948102
48.225833194922764
22.2974851529355
12.821122516410261
17.566159718009065
50.9634757497545
117.9378111331508
112.41157038012535
39.15353366113071
41.94169017648194
13.382770401523212
12.81462522348739
24.596374844114333
65.71178145231643
74.74778914488257
55.7151145089934
18.93793482215538
64.93211339308465
98.62210789410742
70.66457949964402
44.78665101148837
34.7866663840758
76.49704683903919
108.44563151995004
81.8819610023952
78.48963437281897
120.08399199264504
134.33495621315254
57.22904388810539
65.95268745292952
94.32422969673281
56.50363771485759
34.21996761153836
64.8533636045422
97.31526814248772
68.17808422934161
95.46974340351015
102.85670922987275
94.5987619627619
41.73249952661682
18.483240077981304
48.50598911277223
10.523579904248017
96.31020010601773
140.10417164188942
139.1042648401463
135.30676808726633
57.13287067294849
58.63609431325893
84.47424471438269
46.29018895438133
30.566546145287514
100.72522480453085
91.53280620818042
49.70288337003202
47.56758712639654
83.0823209703911
124.66258921959799
107.71188511061068
43.037633678479686
54.809861712810424
51.629456051543585
98.97130358815393
128.51725529885135
110.26541703743018
62.805767588104494
67.39640396117173
96.39670172641495
141.1616361384665
76.74609823203379
14.529848578904607
47.91126704903458
71.47020725486186
59.046263868421654
17.991839323804093
80.70488711352202
82.29598348297256
22.4768925960475
65.42825631121623
73.33571012335648
93.19558913550853
81.34044858901768
12.428835147938006
70.10216487255013
89.75954326370912
89.46990351564051
39.09554811048167
47.52338057628872
75.1411720991066
47.030927918070184
33.161638894640106
75.086301825734
97.8676116793574
43.16469252268635
78.48447027524902
115.30733330040071
67.89325362635506
54.03291506528922
142.5054159094867
108.09802254806239
82.93414798807734
141.64193687227157
211.42738537716548
157.5407107526292
85.8905591942692
77.88854786650299
93.37295382504085
47.03130451461389
60.6450074527903
125.23808972649707
109.56343274758382
48.92033346565074
26.63015518254245
54.0271336982923
55.62290560944836
23.159292951085902
85.67601631511161
94.58387212680915
61.1333717458306
21.066977720229705
72.54546286851948
75.77968115735624
28.883673380897786
30.365214082449416
72.03889592058157
108.70465687208147
91.18139531096604
15.92215489836029
75.32001580253699
120.83318434737946
92.52829524263086
26.78103171917203
42.37077093339551
78.38057567042416
36.31606904055868
74.39767066646043
85.98211431313725
87.08369206084592
34.551704557420585
45.43215388407129
59.89565199771541
58.81954902346289
29.18813939295678
98.74489104897282
79.72415430645879
16.50956724209667
62.53156202356608
98.89225470406267
79.80986092790496
50.19216268841585
89.24116428084481
66.97449738480316
48.86875147611921
20.116941602060063
85.22383000257967
74.06816494550525
37.0333400727
20.06927349627656
12.878953547051058
45.42938491104212
80.73203475928072
69.03507932026346
55.86460663027805
34.777954825377755
54.81349467953444
41.14144916328218
2.6359001099547843
48.248390347346295
59.08906702571323
55.26938261734771
33.183161873822854
13.147694392932463
28.13303825758104
12.255502260541316
61.380913238359554
114.8083502572136
107.60849761001731
77.05593293487851
20.187456405635928
22.433666489730168
11.136463031220053
33.280872709950835
111.56706707215355
138.10965699573134
82.08907967271496
72.13563122174396
22.706449699626603
25.019949567592306
43.94300187349532
26.994658875034936
43.45831811683227
69.29073404122643
45.31776284177308
52.24376632413576
60.42602856375616
38.71501651161463
88.58620404949548
53.26364407247691
33.58685488685558
42.599507166051175
23.829060597213324
79.41637668243371
65.42673634496118
45.30944915402431
82.52333987358456
140.3431883364446
114.6025422927257
90.26643178864299
155.97570016755367
156.03180333789268
103.25797923702216
10.450963559484121
54.74292697248549
67.50875000801727
39.485783756409774
35.918714857142184
89.26023746770721
74.50757301510596
31.375051348412104
83.56627827695502
43.494368886430955
33.936702965281555
90.78125942935782
129.2942032826555
63.28338972820339
53.500205631302705
78.7371767219781
107.85250288946787
44.009849839809384
37.33056367994352
39.71864378769724
9.019107760154784
80.988391894077
103.7857836304998
91.63729442187551
58.636831019532586
65.7203942531108
33.463901770993424
20.891950853048336
91.96856310816067
122.3579783214959
66.18563788203735
11.370265498761785
26.706639117402663
40.03829166442443
28.61632401285409
64.79212001449541
78.25794170116068
71.18083313568887
44.77513532551198
51.46697832368405
51.83107821155522
15.999888195144251
130.11668476939747
150.31832026720556
101.89443185079253
24.066492148791728
75.64347424941425
78.70953628916565
16.0688347024156
27.484275198514467
68.09135728828485
92.02229261858508
113.95498608620939
111.86244527687438
91.57570905823871
133.1565149575352
122.09861761060311
72.39987791578913
2.315930404561768
60.452057033884024
51.69012878604792
28.56256008881194
59.94674208709028
81.98341387798855
10.689246129005184
26.140323557384487
45.47876240259867
85.28038344620914
51.54900394189899
58.826222020620655
83.97951651801084
56.843949291571384
85.30959059637988
123.53152672696864
119.93469613847373
96.84568007072826
34.6200468818859
58.5788725931914
48.06976603435852
70.7036139165848
98.95863354349895
158.37713953355515
121.10833680103983
64.40208150359787
73.53988985393705
45.15472819557335
49.25416551704449
39.83708174926074
85.00676679584282
76.18602730447218
48.864034368705134
58.96983596004045
54.13438139694656
23.738110928419783
34.44182863292995
81.41096879276245
100.5549809950119
106.94528165784698
70.80392263220811
81.05192758713191
102.23493729406545
92.01285537538467
88.03979002516967
67.57679075004859
32.92415246763115
46.865821401795664
41.88240676729026
45.430133625911644
54.80462691973508
45.70469043521598
33.15806083039387
31.83479661863046
59.737478905387086
49.760438240299976
65.69843312804183
73.77130700123487
49.15631617669431
18.58777630151151
29.577882593019822
61.281793199024655
7.828791287452895
73.24453363453179
54.987306944292975
11.796578120161561
13.85905359149372
38.26904708369937
51.3154762286048
27.652686335804244
42.136865689178585
34.98367993771826
88.89704381578288
97.61823279884467
162.58173620914027
112.49371551464122
100.4315651561042
103.38283700837984
118.4327413297981
50.77444207817972
91.29860926559724
84.56801270494051
108.35873126545445
54.68024194984758
69.8190569292043
46.725848310348844
23.925601595868176
140.02126570223854
197.05553357505067
123.4394012146621
79.5675149960951
66.40030243254351
104.26282645464829
11.954511609603733
62.36490562797462
101.8079113863682
139.93160439893933
42.46213697624244
41.79622358300654
65.33125456631457
105.71966407474956
103.15036556462998
49.05263871176524
59.15823120195749
27.01691283223653
64.2920219372307
70.79478732828419
30.357742245653533
39.46498115631789
24.290362023562313
96.97842603683489
84.11098266443682
43.573368579806676
57.54701353612724
58.256567677941575
29.989232669223338
27.693758279333164
81.5192585038261
101.23706436641913
73.77752403911819
16.0908068688082
76.28281192260586
89.02463486380694
82.66011484538956
55.35964630124676
156.99046113607352
121.65619181269234
50.986772963268116
52.283773231863734
74.52268444496752
94.63990775905516
38.297062256405596
40.971539630672126
51.46881187477744
19.704757667469153
110.80434607054765
98.9547984634133
52.03716406079822
17.776463343644718
104.18285428342418
138.23737716746007
99.6619551057457
43.248854611986324
65.66873551716947
52.050234588918386
79.75098341691373
93.19401168999063
44.9730137645512
9.602735352179371
40.01605930783384
65.29329425520206
52.556512470290855
40.420942811411294
95.06386327605163
80.27087089243764
21.872095622069086
44.614480632007904
10.14291981901498
32.51821778502912
42.800257804442
44.422860350193574
45.807962819521585
24.61411446427709
57.01593952600023
71.32757382216153
11.253164688768004
57.2187371321499
82.91899526648852
93.98711835630995
64.25600707016953
12.153792387770954
36.38565283061139
58.27131210661732
98.15369138167704
129.14106122287603
141.1245946895191
146.3227765037904
97.98346737035078
115.82049484389772
129.7656446432082
87.36202772226825
72.13873539671683
18.286708777412137
79.73785638845987
78.18882997054205
45.57635248728944
35.10543277747222
29.058277807779675
17.845616912587715
28.718614563598805
59.04903708158531
53.56120585312279
78.68791063740368
88.40367039194263
101.39412842767892
78.56277149763815
101.02008487883086
130.21393187583115
105.08338402047056
105.75036826013859
89.93227453623734
77.15591353347986
66.83020350108973
39.32444114659202
59.166783062009934
90.21969630090146
57.54704026173238
38.92859073679642
48.03578038037366
57.78043413814669
27.84466946336412
48.33801193120453
86.24369342501005
61.09719601027902
59.430064112862944
37.37023668038932
14.054442954205939
43.086494898767725
75.92527233412824
58.31083091249514
56.47007355990173
72.46148642260937
52.55268136893152
47.5883495135861
67.91792887818055
117.40845260921061
102.26509973978227
74.05627520218641
50.04488701857275
44.12934837355269
43.39808124349949
96.36333725683885
96.02950901662933
92.41849532896289
91.17140165832856
57.4575523984557
79.60261063690851
87.8385677694787
94.11116714470775
63.51660314499127
16.358336844821242
7.8883616845755204
26.071774155877243
40.1940578866776
43.90499580367384
24.410570181004392
46.565155453266634
30.8943338562693
49.58535011417312
85.47292184757445
81.00080084755793
21.19285633994527
74.75081056151726
39.201202115435315
37.097243213744655
34.57999174578383
85.45472093886835
40.738898928911055
45.44992684558678
113.59161787810682
82.81782902177929
26.035169191953464
42.2286763701471
98.13228433211464
82.05226419179915
37.74628796411505
95.0327300359825
92.10238125943387
59.3311586290487
37.36030153026338
136.47805781032548
141.261368371305
25.88610201248378
79.67378438767666
88.80774474585394
85.77500958085736
97.40142073521025
147.0277908249093
104.00672562371676
82.29851922986931
64.38048521303473
104.45539335889829
88.34257270669661
27.11742510598875
40.79786145769896
27.781621188494558
30.85297526185861
44.581296240731234
19.48334771677369
58.78963992230624
60.4539797637397
92.78279915610052
91.05495999967422
40.173774348800364
76.88695717476574
73.8244286674893
75.37157135337586
35.53148611312149
40.5194685842093
52.38980268710178
57.00833014081955
23.39784719019882
56.43834050820485
74.79464331580792
81.19234778865959
42.87291073990242
35.75550080779236
73.65708679688406
39.82555325517946
36.590457172116146
74.46326328792463
38.314012851198974
53.68725480725963
61.56886244055447
18.809669860138808
9.317219308423965
54.60721774131307
75.68318268839192
19.774548136987974
54.12215616759769
38.83896326683991
78.0583525275205
69.19214327149521
53.92864570223917
51.930272980366894
95.7502773296939
23.354520151319715
96.8775404621442
94.94639479818986
33.26714235618629
48.81432419013624
62.09790881657449
30.431831236697594
76.90905003510484
113.4499501696985
129.77678060403596
103.19526721504978
68.26788891327594
66.15111173686013
63.411546756265146
18.535311770114678
24.239383468164856
16.81424231721424
44.95259051429402
4.546571642549231
18.574655559749594
37.28675789399477
53.945400338190176
82.03669437399392
68.44667221401187
109.7154215197553
93.90517652068668
51.285976581776936
82.43350680963913
29.530553922169698
41.47390669349765
62.784456302043935
40.88054179156475
56.97760555494042
67.19004298140504
58.296892089335145
94.04319708349092
97.74354749893445
132.4200620770343
73.0148474277251
48.115442968672696
53.92545987668909
27.612899144664496
39.462542380942004
94.24013647199035
100.75525927403228
93.65172458676992
44.92364414517083
60.81927748044763
58.000793497121606
72.49292572432103
81.73518905148421
57.635286705580945
50.742978958727505
51.98382666838285
122.57923213550583
87.50254984098082
42.57611694194652
54.46874180058408
91.93798491451572
50.250191605114196
35.89535517192949
60.87225439602337
54.83673544270102
1.0345480311879798
70.37063515014695
83.74988666848735
31.26971160040536
57.05414301984937
86.64268372727311
69.93553459092765
66.40954628183901
5.892417982275017
41.2992346432709
6.466898555801206
14.938225658781578
59.359618426943484
73.23418816990647
32.12818738407348
41.482011439648375
74.15531159469532
17.63590024863991
89.37864628759785
85.86615694772124
64.1809850332055
10.185718073942946
62.99153820976455
68.06097353248309
43.63712893279936
38.829921698255575
79.67785068634038
75.65453880009714
62.485175296202556
101.515974820596
106.24009511501872
84.92238658795549
89.93473348680031
16.067108125558384
63.06925090887002
30.421596312951124
65.80823588887307
54.184164969571036
37.706349479393666
56.01797356721387
20.205579442229766
25.61734156480385
35.77850234248853
51.82182095367996
45.526839880368286
11.328844001417046
28.44166196816607
43.8097119066032
41.64563718843702
61.56516489198015
47.96860880104718
63.46355045860583
43.26724939149396
31.080438649999635
53.42781441817736
61.5646463579085
84.88965335006554
43.112256092792414
42.556890944825895
77.23223816673222
44.53141533451342
56.59390233763611
116.64995413183448
96.4788327632748
40.809296488441944
50.82726798382319
51.49290558734564
76.60541138962842
47.63239527842929
75.12916543852144
69.90928323250421
12.620668098521946
39.20140474388633
63.94438008370043
70.38218175186817
59.87280839975458
95.60164181952227
52.73067182587916
33.18443396027928
43.07454484867605
21.766271805692895
72.73710392187246
59.276865038293806
43.71802783352224
78.01268602259691
70.15031295577234
33.37407738899682
35.59933593826396
30.498811977133318
39.80891839147517
30.499925177399057
53.427325149529835
61.86841181638113
97.05275502074788
141.2646846035306
147.36418433138766
108.39955684900336
114.5760195492596
84.73184158135822
64.29555490071427
39.6709210640697
45.206224606325634
34.050767617223336
92.18293945456365
68.23790929115597
94.44772150828939
77.20662163997783
32.156178710724355
12.780936242818422
12.312164376772204
25.54196741795346
53.56007169440133
62.35177827215392
24.543915092246166
19.73319434447605
29.467412169691926
45.09780229944282
32.57731913795208
53.57283670469391
64.03256017047916
73.69311401011753
105.49959166612926
98.4009482817918
58.042539784880475
51.565898841893016
41.73882259351229
45.81264928689282
18.51246834907442
19.781743191965937
35.749127010878325
25.628296909335695
72.82491556345505
99.51815234433407
97.62834632647359
39.60865078153373
49.39098727951563
61.68186877592625
57.83024959181205
33.82856707066387
58.9583919054286
81.52966936336976
88.56927113119438
74.28542163393993
134.48229546694282
107.4149512737522
130.13312510524565
45.06826621343363
112.85154528254496
80.51387478182173
94.46968293986325
127.60744303750383
121.89956392216742
73.84939670011799
66.16653675719178
115.01039719815662
69.9240047942762
38.25841945432774
20.03997554438786
64.25637467154785
11.664636627447397
51.150537245006404
57.22051934492351
100.38317593545248
135.16078283463037
80.78334759957555
39.108016344376736
56.20409569224423
113.92810802376039
99.42857340396998
55.95072743367564
52.17580356356869
24.944690200115307
112.1281254267053
129.34835172393858
44.51379367760503
48.30390850682422
137.42280283546458
96.19132666149103
64.2474794033424
144.3891822262323
111.95761569943872
62.36300533574202
44.56204259597839
53.2772626141223
116.99669497361184
82.74075979139057
33.165728545066415
58.4063912641025
35.69799745641786
29.6458402803216
26.041886281579327
41.32624668038777
81.35950251829455
75.9001897031525
78.63945919310922
57.99044258823059
11.924247676938236
40.30818689645287
91.92835465119148
65.7097697492304
129.8764523108938
112.40158319355943
41.70810962065847
26.16030402936622
78.24581089982479
29.79700509333624
97.66233151998873
95.04100197469222
63.50767967039776
48.63398453896145
54.28481777973112
29.46111246832853
32.0605223255164
30.203483378211736
37.25994926149721
59.75428380275971
50.318420157377716
7.88556037423481
37.0594479849738
77.58969489464866
67.49590222329122
70.42580341121393
32.273029949786086
70.10763452104007
80.91599505201786
42.160700371509215
20.50247556831079
63.05635246224877
92.0886545223929
70.25805092049538
56.79831105856711
36.22315637378822
20.20053200641812
76.89853730533967
107.55881806433258
34.13142709591719
73.51717095337133
51.27125851125368
53.048258218343044
50.52448236888304
1.1196654188153343
27.544463125713783
22.566445055628176
78.18784340308696
140.03061666358713
94.01554354601116
97.44184200495431
76.82848845585806
15.010372944634844
17.950756378983673
45.815780963246254
85.29007109678349
79.86493508038566
103.62687617135104
82.057528556381
80.5344490139546
61.885862335625845
27.024365844214085
55.414573578933
56.12771892936783
84.29359713743276
71.78184402693614
54.0042334524676
27.455202270187502
42.510169505181345
14.247307177414978
49.898471747616945
59.05241053367969
69.34438581538178
61.720512788527536
78.3996549869508
105.81909453870932
90.18598079010043
100.62167407392018
142.34766532885934
120.26184148295587
109.99621987329402
98.389598668343
49.966787768525826
70.45574000926148
44.4689470347707
16.348228378063457
17.1094318323218
58.65334272387478
61.154418432940204
31.093459056913947
56.07908306789485
33.61915861672701
99.59523240142586
123.75003323622549
41.60008062970728
46.254529670426685
38.802695994754174
36.15907347385828
19.881122537072386
31.88862598065352
83.29801203337894
59.965462934693974
73.7200209944059
108.38577843194604
65.89584405584638
25.648061811170443
76.24631400765745
37.278492192368006
84.6325464453526
90.73982392148011
51.924525448446325
87.64532111981535
60.54052533424572
26.017305558494048
62.2649141747942
62.16900677152071
78.48805334073357
60.576901151781
64.49834343152382
25.75912964200255
71.53522409798641
99.958190610781
88.7503983749497
75.15226364960215
39.92143907014248
27.010395130993444
35.01094208002376
75.20002309466287
119.60156559613912
106.43311561913399
56.99419874945892
58.77552600086764
81.3261469392592
80.862143574527
110.12209800983554
132.94526807460633
128.49812852704122
93.40833629753341
36.180916886297574
25.67356127536651
76.7836482558165
96.54369204344968
36.15177645529593
69.78336864987881
105.39244197175557
75.4884637739322
29.40739148267913
21.964093322339536
25.317925003835626
18.448088902033113
47.52701509611794
108.78263055930289
121.72347177585269
55.06785475228888
119.63541118504277
90.82023464417142
74.4079356017588
102.30236984440097
92.80176953996542
12.034180987513569
85.77548279039067
94.75780468531802
80.71270554526069
42.827289183664625
30.659030877676003
109.84338954527414
114.11669075152282
32.424169141067786
111.56732694235669
93.45551429404976
24.215068964197414
22.542957036865754
41.91307380600811
51.49566094586781
46.05294050694423
34.55561853854855
66.48121509684039
68.27437841772013
81.39170772172243
121.53613429824382
79.66311454207198
64.42862491832251
32.25649459178941
79.45997137198034
127.21023816941724
92.91050090595621
76.29819262520253
73.4712229132492
8.959175726846263
69.63790118726584
88.17592783988502
52.99277355452342
88.32798488946642
79.44887366817414
117.28711339445113
122.73160426507549
57.304809048242376
23.369825091884845
96.01337790894425
129.07266008739649
194.58107768188304
112.53576243303361
116.52368328951925
121.80652085320678
67.8052113084612
94.831172487079
96.16178005487086
64.35648565456755
99.45503911018204
94.60662264645681
20.23815186887835
42.14444853404608
101.54761267135571
65.14318869323809
35.13271041648958
120.18704015941793
180.53410301343442
71.63918364249427
138.7195432377927
105.18790718201181
38.787186632153855
11.292642822751777
123.39410992169131
196.59113921591918
114.41257587645775
58.89537833632064
72.40335667728746
38.82801985853185
81.92678440705504
72.89430354477246
55.74166214773657
92.8705806995842
73.81216745951612
10.242095303991372
7.443206048475216
38.437625191542516
52.18801646347397
90.21962823924915
113.83580595990883
113.69989013976068
117.37897451357335
71.3951865681477
22.34393951796873
86.23226184418225
46.626498150636486
84.66023487946471
77.3146588754231
66.43104370807933
49.44507631269294
34.06207937574562
23.052703609275397
65.62688553876954
59.82068498500963
66.71831972824421
25.020717521491605
29.38239496449173
59.732863996073355
46.25285927211936
39.414780907529455
86.89299477911143
67.84943847709923
63.08211400148791
64.69555554652499
101.68183355055426
127.36371887524274
75.0531298528114
52.19212030794488
26.285288687565238
61.618336112288105
51.8282774332217
87.31745754080866
87.99274964734708
80.02407444699816
108.88734402281032
47.483475236331515
32.806210821205624
39.89367910793894
37.04637204444261
85.29576098752025
140.41884865775384
134.40741914812432
60.129054301994145
49.54644307359779
41.38413287117498
23.820470285141745
35.62211465712598
21.83920339139071
58.655619205195684
89.29468173496574
83.63292092213622
56.27401429953711
94.1371864121706
70.49313738770957
58.5785065699948
40.52527889895135
119.33125656246231
117.34262105471296
102.62788658843162
23.292234584610807
51.82767105397785
98.04319636387426
117.95485766178084
162.94126134269422
167.6994219460519
92.6185559505383
62.476089411602494
72.93028262776616
63.29187886472505
98.89386072480015
154.43424788798725
248.71503798104277
186.13930042760452
70.96585401027363
64.90629422597726
59.95239366752909
46.44355072886196
34.92437675722455
109.83318704560709
191.48907529487545
165.1817942851779
163.30682622501638
121.95639526034537
40.70110014498367
21.383807089580593
91.4768056204523
168.40296535161164
119.65021293480115
84.62866106776127
96.19002438481319
31.65537890935143
113.20776742841302
121.99349093482054
100.16945827748857
114.51927902410763
21.63302328612826
40.19249693013512
47.0548962403149
61.21382734840569
91.07983297973945
22.09528798757085
90.09645968285585
52.687505235183814
125.82070241270236
88.64224118741012
230.36632330714056
140.7461020746719
36.28014669563017
71.91294843156531
80.65126227980913
35.65125181201827
13.777561827903272
54.954684760118184
65.90186200680549
38.040842288737366
82.50894959320762
126.23538643160866
83.68957422612918
108.76436019953418
109.38902947728872
94.56835584515777
96.34938943242004
52.07688438244559
12.864998518482535
41.85726683458687
28.2222500930605
9.301677914504632
71.06844752111029
107.15381040481863
84.30417024116267
35.76064053176028
41.40833996283153
9.248285321254784
52.26757538796233
81.43181691241362
79.25001703116286
110.6823988666669
141.44426424934142
200.96141414194238
212.67974640691864
136.55336423613883
66.80846402533221
32.47012180214387
57.90710012167831
58.390984302567055
57.62266748175713
101.7097032056663
140.8678023623641
88.66964585959342
82.90354991944268
135.0921375885803
90.43501709368763
83.67253416117747
18.60141322513916
108.38103431674774
140.81644898449122
161.49784790650241
29.485982227012048
12.483071479639358
106.431146178942
163.7850147982282
170.57924335220574
150.7333760057105
95.3068459760704
63.38904064446944
97.76568352277475
87.50295890070687
21.427256510899753
132.13918763175903
158.36931195046142
98.06313418662862
118.66219990534103
139.65944908086246
179.362933339639
162.14038202326043
94.60967199070417
68.57934647772674
41.619438532254925
45.538426778466366
62.07382129388885
71.72547953225187
83.63241640874598
87.09861352025233
96.88606270576811
14.428083579084477
22.384188964041904
18.011056620750658
57.867676753487856
48.28837808725621
71.7192812317696
85.21045896794855
55.82420808908395
66.34670778558993
86.48334977399158
140.80746885453763
56.16728770112065
99.91880324080259
75.4471519435252
140.66525854406703
104.94783182764752
116.84543896150542
164.20427752416978
134.73712646964978
58.695646976343795
115.57390861138599
165.03124993756185
54.99162311685251
91.22321808772445
79.71463894142751
111.33720981726395
144.40206152420166
37.17257711824306
78.36244028513784
39.552835631687124
79.72523873308816
66.38205357781216
128.42819878584248
72.06352825909657
87.74358382104101
173.80647828583213
208.04735635495663
167.60001809794323
280.74885546674875
227.21102199279636
154.72927666841477
97.45581209653547
272.29491555556257
235.96183630706432
138.64818619859795
154.1822851667014
102.17056831462259
61.143481569951945
107.49988749813105
120.88586644191635
100.84108237755497
79.05973705395363
46.493649910447594
89.65691912603067
174.75537264974687
143.47126647320383
126.30479210384203
142.50316896981005
81.44208470933856
56.95035076906373
71.05124197293095
89.77120693001434
149.81815218720044
147.39293595955314
34.52459506214035
27.676902319226574
61.19216727716488
93.36843200245596
79.18906191512458
58.45984824447452
44.51505715033437
100.14179164220145
125.97336378707877
65.48466157719555
40.0883678586351
56.24864323867097
52.22577619238234
53.86814479767652
38.99559681569097
93.6968988610348
111.49974343697403
58.01752214233858
14.010655656850695
69.48358548662301
20.924871564928342
45.253646143596264
77.54245503496385
144.14313125816963
163.79289375089684
76.25545160561391
129.17679166564722
81.51034339715928
111.69092251495474
69.59787294581804
48.81533737583744
13.344098725319753
99.84723572500336
109.83685578516585
140.6265166913767
122.18712536087452
128.69525803087518
110.7879035995722
39.52218237718478
30.86909469196863
7.146133612076438
16.90521230902333
93.95990644263347
91.52958032861206
58.55365399398953
55.31442224320116
36.04178436185292
116.85242798834446
135.89010083748306
71.76303831534248
51.679218892323846
50.09694317800244
48.959465553855004
95.96210516615555
94.42296573183019
94.92746682170878
74.98715495934312
36.87129744934147
120.85828984839745
146.6853854508094
157.28880497286445
126.74484989772473
83.48879475617623
69.22986903911547
103.30999887762033
77.7681123103527
138.61886710032033
50.83034255158221
92.67267525373356
86.22499593155582
134.02066940066743
124.04696114562276
122.10926826326823
213.57330478079558
237.92330665118166
179.57600312493287
93.68562340455586
88.4063182324381
220.53922871219896
215.09994988243744
132.47469525876974
66.45933239280735
105.69429119743751
103.09975631262111
45.394479414023195
131.6794057512285
145.84205832618647
159.3442811219045
126.37924044680838
42.705533626595766
81.45250756234186
45.07497739051272
79.55044005194083
64.6780494933272
109.62070619669939
49.61075585155897
18.914042363099394
103.5058800075454
153.7602175075637
109.56155440236306
111.3262033553187
101.61516971668046
121.45663948454116
85.1644795073316
59.025319590370586
33.5852683835886
119.36118156475413
189.85076765521202
197.72401372774047
97.8884283710682
60.86567955938555
151.37438774329414
127.75198784729494
62.33139630611422
22.639805525095667
84.09364421136382
89.45939426793397
39.635946826080875
80.96399106106657
84.70724234030705
46.08847877082735
22.46983747238098
49.848633893445594
115.82838154303096
139.11224496233325
113.50142806429388
93.84518365473873
164.9043629547381
119.089783935322
33.706051450423196
101.37060138919314
98.7742263397769
196.02451285953623
46.043335469328476
96.32285561938465
87.92271530101829
98.58185744966347
48.993771017146706
71.32435904827422
67.579293327454
73.8732079943535
71.83535844318996
100.74964302765409
145.12578778982518
96.74603892165767
162.80551860589273
128.72015448493383
85.00289152769449
77.25982245840189
92.96747148051436
66.18729587492525
72.02239690693023
84.71368318584398
209.00488567080032
120.02096590830422
95.44839455538707
63.82466323514619
179.93793049502824
160.71929115868812
199.67340021694005
101.57993720718443
87.19639656988964
166.72503236915335
84.8554383093178
132.57422829775612
151.6833830627915
170.38110386787258
145.17479976441237
194.81726309287475
101.56601830796474
139.97059483552766
47.57797860035491
88.46699545592782
106.6162470530548
109.36323263910629
108.85755836986283
96.71095944713821
92.25035241793093
109.31482980229407
193.86347413324503
179.33184893493177
144.74412262302158
125.82339216412659
47.015095543410986
23.60612925233612
144.24966360047364
101.30799178760732
98.21276117825124
45.27295821693132
158.79150427763375
197.11096206137887
71.84573662518997
72.1311354023981
13.11383686147165
19.439977846814838
123.938071631899
44.895985469444774
133.33322390359479
201.76785059202635
219.335374876878
108.64125950339135
180.15903119683267
196.89156789589788
61.870150045186506
41.9657680434877
227.3952379658253
266.5995851825905
32.06891107979093
52.52399867760011
290.5011455141758
479.62168026015433
108.15597216258978
183.8081066174028
33.15708831751156
263.8648813885495
177.7206591925874
298.0422288966854
481.393178705201
119.2857275458175
255.0673347412821
200.02189097656546
161.81119992784508
209.56081592911244
97.51368897504963
192.45109811178506
113.68671740031947
168.26971318725242
232.39576843538748
48.99147648947098
141.11146802810518
169.6511061195812
93.70839847385079
32.54716757484705
113.48648267373048
206.60497681319538
244.9766148295636
151.73750325814575
23.688489948571057
110.70442233066856
94.96210053669716
54.11316280685264
67.86552551245146
157.53452498551337
62.126837876480444
111.01331256050328
131.9772613646038
89.62606729061258
46.0118344166303
42.58208033723942
175.3780377722985
155.4492973615103
136.51454831335766
207.61121870290904
103.89456382073604
53.35354004869596
45.8704315676325
53.07971647155729
168.07045411330154
88.24154447986236
126.00969885297721
173.4729412455032
260.10229006779605
117.91176475350795
134.2632140840504
121.4147580012906
165.42880776758193
92.81860689622702
68.41964679047003
114.52206727380698
144.78438822611173
60.89878400657807
148.27744253023715
244.16709534434443
265.8837906411797
149.84400648829703
32.54828391953998
58.350444120205964
63.9140329331878
52.213817101082874
141.23963056892123
171.14057613819006
119.35913774564263
76.80081552301937
112.60637880162717
85.1765313420296
170.0874495664152
132.81049102182615
106.35604311827367
119.47798847794257
42.41830884571406
41.022867873586534
93.46463472649688
116.54249907242777
92.60775170508632
114.48255075654052
122.7572640494925
113.03774542208264
97.56198833761513
73.97660475669956
132.87719074841488
35.959637778559596
102.75347876316148
129.3674992103233
188.43110893446243
188.12816737301537
175.4361380793085
81.23070055131491
130.7107542444126
246.71023484117393
225.67938613641465
224.95174347747854
210.47507216803064
173.02288261768496
164.24651379755193
127.45599544762482
218.8978924983314
381.94488069889644
314.0899104316716
186.35842925735398
290.86314661133156
323.08908492339305
439.22662837247196
334.80601173031107
148.51215273331957
238.63452068631923
243.59867020242862
88.59617737190415
225.45445879468178
404.78575088859964
215.88120480161322
285.14049542728856
375.70507391953555
336.2118952472204
176.63057274511115
310.7911153657046
382.5039948017825
572.6781656440704
103.08906205308328
590.1258403978437
269.4413755260621
139.9298149775876
109.90416055789586
121.4955288444681
87.83915578935948
44.36576147815459
51.106198386670854
82.67665696572476
135.1087128284899
115.36314608270924
94.4490574960673
239.65682045453437
262.76446199451243
210.82413560976067
254.78794863919634
220.91867456467492
205.34165504931207
105.71296838621588
14.343711875483907
66.2074090341161
89.08773825586833
117.77503959490548
61.65547675215665
26.899563736433358
41.81360314109909
71.40680897182025
60.03152491998867
143.856308554798
78.69140104956139
56.25610913885627
51.251863375186666
96.98799127607275
92.9529436872299
165.71695848697328
160.2844694224293
186.37141110063772
132.31551540505674
124.95601317718953
137.0579980056057
43.97747539265499
115.99165470637806
20.77468636513162
75.62839205196195
142.10474691668367
130.10465496921273
74.91857186636858
84.60001109517636
188.0343539482738
88.80777630216393
144.55625941876994
53.52483750241008
20.774609997914506
100.00096365178
102.45319392392518
61.11716574619712
41.26706498948648
16.13365618884565
30.391288087022485
109.45003678656542
104.77523917989186
104.17897954594392
95.93960770378365
108.64114667552693
115.25907996838069
21.35878660700686
123.19566941816895
102.0019529006097
208.13906259427154
183.39803759298061
73.46044386047674
40.948949839859644
204.8357325580793
180.5159622415277
101.54142516571048
125.8225864335187
65.69790488491701
102.89023671762229
74.87248384782221
29.31106135041638
59.72988299098514
78.79262051378313
128.11487233677747
130.41723966166802
106.52708812562753
125.73854466912759
68.88067237653519
171.00090931144268
111.89307587230768
118.62253962604034
126.62138463516713
123.81865934215675
64.17580633312245
17.701072978056843
14.912465082791192
41.33298735592004
88.68530923850597
147.87788938163717
127.88137334250563
91.52248135840641
95.689111001121
95.46222033489182
223.76561207434258
212.55264075070465
172.98587600555254
205.9492835919803
331.2116503422901
345.43115162682875
218.82306136183544
126.49960639306687
238.1910078829024
256.89197578900325
291.64414074212885
301.9917848716561
219.94111232031958
278.49931738888205
451.10869693463115
358.6956276855064
142.43457226752224
578.8969315909234
662.9642736874641
208.26341584983996
265.7642831747757
202.5560592260524
223.83431064740043
104.88767679335807
143.3164589178837
104.93103385824678
85.59100198570526
107.78452342017867
58.17306061105484
95.58680878176519
76.34530583923937
45.1757517544652
65.47007250884454
44.36491802313804
23.96756218726259
65.70721425611438
71.0105148034587
105.08690103417419
58.57110466149777
151.1474308774272
131.45185392490063
95.30057518166193
74.34391343650465
48.68935542172269
64.9399692245888
13.425252083959803
29.8229919270184
50.984277589829894
97.85688198997896
122.63517649724967
157.12007061427119
114.48334236997005
77.94502938182326
59.10330411753905
90.74373595180094
112.27361595705952
67.77132246250306
56.73450501149135
60.496237254070394
36.95846102198796
72.45047795786597
14.954029378310635
71.4553779667828
115.17854369763728
106.52714338885819
70.32994190666727
78.7202018249342
133.77879095029897
172.88521895829504
130.16373157953666
74.48627917853743
25.75995432430697
26.60822100730538
83.65615188532163
88.97679764070128
11.501183666782348
78.9529086868663
84.63696332729405
46.610981183164434
64.54646797648557
48.137852211137684
19.46309806369667
33.37063853800431
73.24960856808805
102.31824453183722
65.10495116838568
58.04870761592015
70.5465845547674
98.3653589607641
71.03215123424124
57.35605707575317
48.16469491251747
91.57248380487671
81.70299977996636
50.99118489124034
61.953332233771526
67.30247457349971
93.11712926368637
165.52775465678056
151.97962961797782
99.83869759958498
55.01331022691045
46.134758077261175
62.24289826278231
32.91633592764039
63.215714717837244
125.3741137140979
159.80690230351018
123.78983816853541
56.261891916040646
81.46703830809979
87.72697605453942
89.23100041200841
108.89945920059243
108.86390148236767
97.99550681483889
36.48148950593704
88.82743162963783
102.63572996720337
56.62332648736109
74.51012362417681
170.35179390768113
179.41479006334941
139.45123583437865
83.06862865767305
82.59869482321166
106.98819974343793
103.36162491354642
108.01714329643063
53.27214769905854
8.449798116211031
98.93091575154759
101.93222842984315
117.58827199099039
37.84272784041685
103.9409923550428
57.753416116351076
208.3967984342294
272.59493118978867
