0
0.587785252
0.951056516
0.951056516
0.587785252
1.22515E-16
-0.587785252
-0.951056516
-0.951056516
-0.587785252
-2.4503E-16
0.587785252
0.951056516
0.951056516
0.587785252
3.67545E-16
-0.587785252
-0.951056516
-0.951056516
-0.587785252
-4.90059E-16
0.587785252
0.951056516
0.951056516
0.587785252
6.12574E-16
-0.587785252
-0.951056516
-0.951056516
-0.587785252
-7.35089E-16
0.587785252
0.951056516
0.951056516
0.587785252
8.57604E-16
-0.587785252
-0.951056516
-0.951056516
-0.587785252
-9.80119E-16
0.587785252
0.951056516
0.951056516
0.587785252
1.10263E-15
-0.587785252
-0.951056516
-0.951056516
-0.587785252
-1.22515E-15
0.587785252
0.951056516
0.951056516
0.587785252
4.90038E-15
-0.587785252
-0.951056516
-0.951056516
-0.587785252
-1.47018E-15
0.587785252
0.951056516
0.951056516
0.587785252
-1.96002E-15
-0.587785252
-0.951056516
-0.951056516
-0.587785252
-1.71521E-15
0.587785252
0.951056516
0.951056516
0.587785252
5.39044E-15
-0.587785252
-0.951056516
-0.951056516
-0.587785252
-1.96024E-15
0.587785252
0.951056516
0.951056516
0.587785252
-1.46996E-15
-0.587785252
-0.951056516
-0.951056516
-0.587785252
-2.20527E-15
0.587785252
0.951056516
0.951056516
0.587785252
5.8805E-15
-0.587785252
-0.951056516
-0.951056516
-0.587785252
-2.4503E-15
0.587785252
0.951056516
0.951056516
0.587785252
-9.79902E-16
-0.587785252
-0.951056516
-0.951056516
-0.587785252
-9.80075E-15
0.587785252
0.951056516
0.951056516
0.587785252
6.37056E-15
-0.587785252
-0.951056516
-0.951056516
-0.587785252
-2.94036E-15
0.587785252
0.951056516
0.951056516
0.587785252
-4.89843E-16
-0.587785252
-0.951056516