0.2
0.24
0.24
0.2
0.2
0.16
0.16
0.2
0.16
0.16
0.16
0.16
0.27
0.16
0.31
0.16
0.16
0.16
0.2
0.12
0.16
0.2
0.2
0.16
0.12
0.16
0.12
0.2
0.2
0.16
0.2
0.27
0.2
0.2
0.16
0.12
0.08
0.2
0.27
0.16
0.2
0.2
0.12
0.12
0.16
0.2
0.16
0.2
0.27
0.2
0.2
0.16
0.2
0.24
0.16
0.16
0.12
0.24
0.16
0.24
0.2
0.31
0.27
0.27
0.2
0.12
0.12
0.16
0.2
0.12
0.16
0.2
0.16
0.16
0.2
0.2
0.12
0.12
0.16
0.16
0.2
0.27
0.24
0.24
0.2
0.12
0.2
0.12
0.2
0.16
0.16
0.16
0.12
0.2
0.2
0.08
0.16
0.16
0.12
0.16
0.2
0.2
0.27
0.24
0.24
0.2
0.08
0.16
0.12
0.16
0.16
0.2
0.24
0.24
0.2
0.2
0.12
0.12
0.12
0.12
0.27
0.12
0.16
0.2
0.2
0.08
0.39
0.24
0.63
0.78
0.59
0.63
0.47
0.12
0.04
0.04
-0.08
0
-0.27
0.82
1.14
1.41
0.78
-0.27
-0.43
-0.67
-0.94
-0.98
-0.9
-0.04
0.75
1.22
1.65
1.41
1.02
1.45
0.78
0.24
0.39
-0.12
-0.71
0.12
0.94
0.67
0.35
0.31
-0.12
0.27
0.86
0.71
0.12
-0.2
-1.53
-2.31
-1.8
-0.12
1.77
-3.65
0.2
-2
-1.33
0
1.18
1.61
1.84
1.96
1.77
1.53
0.39
0.27
0.16
0.31
0.39
0.9
1.84
1.77
1.29
0.31
0.04
-0.16
-0.04
0.2
2.59
0.67
-1.69
-2.59
-2.16
-1.45
0.27
-1.57
-6.63
-1.57
-0.51
1.77
2.31
2.98
3.57
3.06
2.98
1.49
0.78
0.16
-0.63
-1.14
-0.94
-0.16
2.24
2
1.45
0.59
1.8
1.18
0.78
2.82
-0.78
1.26
-1.96
-2.71
-3.3
-2.79
-0.98
1.49
0.86
-0.71
-1.18
-0.08
0.9
1.41
1.41
2.08
1.8
1.65
1.45
1.1
0.75
-0.12
0.08
-0.12
-0.75
-1.22
0.63
1.73
1.96
1.84
1.73
1.06
0.2
-1.06
6.39
4
0.51
-1.26
-3.14
-4.16
-3.57
-1.14
0.08
-0.2
-0.35
1.57
2.24
2.94
2.71
2.59
2.16
1.29
0.31
-0.24
-0.63
-1.02
-1.06
-0.55
1.57
2.24
1.92
1.41
1.06
0.2
-0.63
-1.37
-1.14
-1.96
-1.53
-1.57
-0.51
0.51
0.63
-1.92
-1.53
-1.02
1.33
1.84
1.77
1.53
0.86
1.06
1.45
1.65
0.43
0.27
-0.27
-0.94
1.29
2.31
2.04
1.61
1.18
0.47
0.08
0
3.41
2.98
1.84
0.24
-0.59
-1.73
-1.02
-0.67
-3.14
-2.71
-0.63
1.22
2.28
3.1
2.71
2.35
1.61
0.82
0.12
-0.2
-0.75
0.82
1.26
1.65
1.1
1.1
0.39
-1.02
-1.37
-1.49
-1.65
-2.86
-3.37
-3.33
-0.71
0.75
1.53
0.08
0
1.02
1.65
2.86
2.75
2.51
1.41
1.45
0.63
0.43
0.35
-0.04
-0.35
-0.98
-1.22
-1.88
-1.69
0.55
0.98
0.78
0.43
-0.12
-0.47
-0.9
-0.51
-0.16
0.27
-0.39
-1.69
-2.24
-2.35
-1.02
0.12
-0.47
-0.75
0.75
1.8
2.43
2.94
2.75
2.43
1.88
0.63
0.16
-0.43
-0.47
-0.9
-1.26
-0.12
-0.63
0.82
0.12
0.55
0.04
-0.86
-1.61
-1.73
-1.22
-0.55
-1.18
-2.08
-2.2
-1.53
-0.75
0.08
1.18
1.18
0.55
1.02
2.12
3.06
3.57
3.61
3.26
2.31
0.98
0.31
-0.71
-1.26
-1.26
-1.37
-2.04
-1.88
0.31
1.37
1.37
-2.86
0.71
-0.43
-2.04
1.1
-0.55
-1.49
-1.61
-1.53
-0.94
-0.71
0.08
0.75
1.96
1.8
0.9
0.98
1.41
1.84
1.96
2.08
2.12
2.71
1.84
0.94
0.24
-0.08
-0.39
-0.98
-2.16
-2.98
0.67
0.27
0.55
0.08
-0.47
-0.94
-1.33
-1.22
-1.53
-2.98
-3.45
-3.02
-1.33
0.47
1.73
1.57
0.47
0.9
1.61
2.55
3.14
3.06
3.53
2.55
2.28
1.33
0.55
0.55
0.24
-1.49
-1.69
-2.63
-1.14
0.55
0.63
0.35
-0.67
-1.69
-2.16
-1.57
-1.88
-3.37
-3.33
-3.18
-1.33
1.1
2.04
0.94
1.22
2
3.22
3.77
3.92
3.73
3.22
2.94
2.16
0.71
-0.35
-0.94
-2.04
-0.2
-1.92
0.47
1.8
0.67
-0.16
-1.37
-2
-1.57
-1.57
-1.41
-1.02
-1.88
-2.59
-2.31
0.12
1.26
2.35
1.37
1.1
1.8
2.39
2.31
2.75
2.59
1.57
1.8
-0.08
0.04
0.04
-0.2
-0.9
-3.06
0.67
0.2
-3.8
-1.22
1.22
0.35
-0.27
-0.78
-1.06
-1.06
-0.27
-0.27
-0.63
-1.26
-2.2
-2.43
-2.24
-0.63
1.22
2.35
0.82
0.31
1.02
1.88
2.75
3.22
2.98
2.75
1.53
1.06
0.71
0.16
-0.39
-20.08
1.88
0.43
-0.51
-0.86
0.55
0.2
-0.98
-1.22
-1.45
-1.02
-0.75
-0.39
0.39
-0.04
-0.27
-1.8
-2
-1.92
-0.67
1.26
1.92
1.1
1.29
2.24
2.82
3.45
2.86
3.14
2.63
1.33
0.39
-10.43
2.55
-1.18
1.88
0.12
-0.08
-0.39
-2.24
-0.94
-0.51
-1.33
-2.16
-1.92
-0.94
0.04
-0.71
-0.55
-1.8
-2.12
-1.49
-0.63
1.02
2.35
0.55
0.63
1.06
2.82
3.37
3.57
3.96
2.82
2.35
1.73
-18.44
6.16
4.51
-4.24
-0.78
-1.96
-1.57
-3.61
-5.45
-2.75
1.1
1.45
0.04
-0.78
-2.12
-1.69
-0.63
0.43
0.43
-0.35
-0.98
-1.57
-0.55
1.61
1.22
0.55
1.45
2.08
2.71
2.51
2.08
1.29
0.47
0.04
-0.47
1.37
2.12
-2.94
0.39
0.47
1.06
-0.31
-0.71
-0.08
0.67
-0.35
1.53
-4.43
-17.97
7.37
3.45
19.93
7.85
4.16
0.63
-0.43
-2.28
-3.1
-3.06
-7.85
0.27
1.14
1.73
4.04
4.82
3.53
3.45
3.69
3.06
4.04
-0.39
3.41
3.33
0.98
0.08
-0.98
-1.33
-0.55
-0.9
0.08
-0.16
-0.08
-0.82
-0.47
-0.43
-0.12
-0.75
-1.45
-1.96
-2.51
-1.41
-0.35
0.63
1.14
-0.31
0.82
1.77
2.47
2.75
1.84
1.41
1.22
0.39
0.63
0.59
0.24
1.06
1.18
0.67
-0.08
-1.49
0.43
1.14
-0.24
-1.57
-1.77
-1.92
-0.82
0.04
0.04
0.08
-0.94
-1.02
0.08
-0.51
0.08
0.98
2.75
0.39
0.9
2.04
2.43
2.31
2.28
1.53
0.67
-15.93
-7.02
2.35
2
2.86
3.18
2.47
-1.06
-0.2
-0.9
-1.1
-0.35
-0.2
-0.51
-0.75
-0.55
-1.26
-2.43
-2.82
-2.43
-1.84
-0.31
0.47
4.28
4
2.28
2.63
2.43
1.37
0.67
0.24
0.63
0.75
0.39
0.12
0.24
0.16
-0.47
-2.04
-3.02
1.02
0.47
-0.47
-1.06
0.82
-0.78
-0.9
-1.53
-1.02
0.12
-0.16
-0.55
-1.29
-0.47
-0.08
3.02
3.3
2.75
2.24
1.61
1.49
1.41
1.1
0.67
0.86
1.69
1.06
-14.36
3.73
2.71
3.1
2.12
-4.12
0.24
-2.04
-1.69
-0.59
-0.35
-0.67
-0.94
-0.78
-0.43
-0.39
-0.75
-1.06
-2.59
-1.73
-0.75
0.59
1.65
1.1
0.04
0.27
0.75
1.22
1.26
0.78
0.71
-0.04
0.82
0.31
-0.39
3.61
2.67
3.49
1.1
-0.98
-1.8
-2.94
-3.14
-0.08
-0.35
1.22
0.27
-0.31
-0.86
0.04
-0.04
0.98
-0.63
-2.28
-4
-4.08
-2.08
0.43
2.94
-0.12
0.24
0.82
1.33
1.8
2.12
1.33
2.75
2.31
0.78
0.78
-0.51
1.02
1.06
1.26
1.53
0.82
-0.9
-0.27
-1.22
3.02
4.71
4.24
5.77
5.84
4.16
20.04
6.63
2.51
-0.82
-4.31
-5.73
-4.2
-1.53
3.3
0.2
-1.8
-1.53
-0.43
1.84
2.08
2.39
1.53
1.1
0
0.27
0.2
-2.12
2.04
1.02
0.24
-0.08
0.75
-0.16
1.41
0.67
-0.12
-0.67
0.47
0.04
-2.82
0.82
-0.63
-1.96
-2.47
-1.06
0.12
0.78
-2.28
-0.98
1.33
0.94
2.08
1.77
1.06
0.2
-0.71
-0.71
-0.75
-0.55
0.12
0.35
0.39
0.39
0.08
1.29
0.71
1.02
0.9
0.39
-0.35
-0.71
-0.2
-0.04
0.78
0.27
-0.63
-3.18
-2.86
-2.35
-0.82
0.78
-0.35
-0.78
0.04
0.9
1.33
1.61
0.71
1.02
0.47
-0.16
-0.04
-0.27
1.53
1.1
0.47
-0.43
-1.37
0.2
1.69
0.94
-0.08
-0.86
-1.96
-1.26
-0.27
0.2
0.04
-1.8
-2.75
-2.63
-1.8
-0.55
0.63
-1.06
-0.2
1.65
2.51
3.1
2.35
2.67
0.98
0.59
-11.65
2.98
0.59
1.49
0.31
0.27
-0.82
-0.31
1.26
0.71
-0.86
-3.65
-0.35
0.24
-0.63
-1.1
-2.28
-2.82
-2.04
-0.47
0.75
1.41
-1.37
0
1.41
2.79
3.22
1.88
1.57
-5.96
0.24
0.78
0.71
0.04
1.45
-0.55
-0.47
-0.98
-0.71
0.16
0.04
-0.31
-0.47
-0.55
-0.16
0.82
0.04
-1.06
-2.71
-3.18
-1.29
1.06
1.84
-1.49
0.04
0.98
2.31
2.9
2.67
2.12
1.18
2.12
2
0.82
-1.73
3.1
-1.41
-3.41
1.33
-1.41
-1.1
0.75
0.43
-0.12
-0.51
-0.43
-0.24
-10.04
0.47
-0.63
-1.41
-0.98
0.51
1.37
2
-0.98
-0.98
0.43
2.71
2.71
1.26
1.14
-16.79
-2.08
0.9
0.35
-2.35
0.94
0.2
-0.04
1.06
1.41
0.43
-1.06
-1.92
-1.22
-0.67
1.14
-1.06
-2.67
-2.82
-0.86
0.31
2.16
2.67
0.59
-0.31
0.24
0.75
1.88
1.65
1.02
0.59
-0.16
0.04
-0.08
-0.82
-0.31
-1.14
-1.29
-8.24
-0.16
1.49
2.16
1.02
-0.08
-0.51
-0.78
-1.22
1.33
-0.39
-3.77
-2.67
-2.2
-0.16
2.12
-0.51
0.59
2.35
3.41
3.92
2.94
-0.78
-3.92
5.69
6.16
2.31
2.59
-10.98
2.28
0.75
0.59
0.16
0.35
6.16
9.38
6.75
2.59
0.2
-0.47
0.31
-1.29
-1.14
0.16
1.49
-1.22
-0.39
1.22
2.28
2.35
3.02
1.92
0.55
-0.2
-0.71
-0.35
-0.16
-0.63
-0.9
-1.33
-1.49
0.63
0.47
0.08
-0.39
-0.78
-0.86
0.08
0.39
0.71
-0.24
-1.45
-1.73
0.94
2.63
-1.37
0.39
1.8
3.14
3.65
2.12
1.69
1.57
-0.16
-0.55
-1.14
-1.69
-2.08
-2
-1.49
0.9
1.77
1.65
0.94
0.27
-0.51
0.12
0.31
1.26
0.98
-0.2
-1.41
-3.33
-3.26
-1.61
-1.29
-2.31
0.2
1.53
2.94
3.53
3.65
2.98
2.12
1.8
-0.71
-1.18
-2.24
-2.67
-2.75
-2.51
0.51
1.41
0.94
-0.04
-0.75
-1.06
-1.37
-0.27
-0.39
-0.51
-0.98
-1.92
-1.77
-0.12
-0.43
-2.43
0.24
2
2.94
3.45
3.53
1.88
1.33
1.29
0.67
-0.2
-0.98
-1.92
-2.39
-2.94
0.63
0.55
-0.04
-0.86
-0.82
-1.33
-0.43
-1.14
-0.08
0.24
-0.12
-0.78
-2.71
-2.86
-1.1
-0.2
-1.37
1.37
2.59
3.14
2.9
3.57
2.24
1.18
0.27
0.04
-0.59
-0.86
-1.18
-1.45
-2.28
-2.39
0.12
1.02
0
-0.78
-1.49
-1.69
-0.94
-0.04
0.04
1.29
1.06
0.39
-0.24
-1.77
-2.43
-1.77
0.9
0.35
0.2
1.26
2.47
2.43
2.28
1.69
1.1
0.55
0.04
-0.24
-0.2
-0.39
-0.9
-1.69
-1.88
-2.16
0.43
0.43
-0.16
-0.94
-1.22
-1.33
0
-0.27
0.08
0.43
0.08
0.43
-0.12
-0.94
-2.31
-2.04
-0.82
1.02
-0.27
0.08
1.14
1.88
2.79
2.79
1.96
2.04
0.71
0.12
0
-0.27
-0.43
-1.1
-1.96
-1.96
-1.22
0.51
0.35
-0.12
-0.59
-1.1
-0.98
-0.82
-0.16
0.55
0.71
1.14
0.59
-1.33
-2.28
-1.8
-0.27
-2.04
-0.67
0.78
1.88
3.3
2.9
2.59
1.61
0.55
-1.06
-1.92
-2.28
-2.2
-2
-1.84
-1.22
1.02
1.18
1.33
0.16
0.31
0.75
0.51
0.55
-0.27
-0.63
-0.24
1.02
1.1
-1.1
-3.33
-3.65
-0.12
-2.31
-0.71
1.18
1.61
2.12
1.73
1.18
0.27
-0.43
-0.63
-0.59
-0.63
-0.59
-0.39
-0.35
1.45
2.12
2.04
0.78
-0.43
-0.86
-0.51
0.24
0.08
0.43
1.22
0.55
-1.26
-4.24
-5.33
-3.22
-2.55
-2.12
-0.78
0.71
2
2.12
2.28
2.71
0.98
1.06
0.47
0.78
0.43
-0.31
-0.43
-1.14
-1.88
1.26
1.29
0.24
-0.75
-1.41
-1.18
0.04
0.24
0.31
0.75
1.14
-0.86
-2.86
-4.71
-4.24
-1.73
-1.37
-0.47
1.26
1.8
2.28
2.04
2.24
1.77
0.82
0.47
-0.2
-0.63
-0.39
-0.59
-1.14
-1.61
1.37
1.41
1.49
1.22
0.39
-0.55
-1.1
-1.33
-0.35
-0.31
0.24
0.86
1.37
-0.47
-2
-4.35
-4
-1.22
-2.43
-1.37
0.2
1.37
1.88
1.92
2.82
2.39
1.77
1.14
0.24
-0.04
0.2
0.27
-0.39
-1.45
0.59
0.08
0.27
-0.04
-0.47
-1.53
-1.41
-0.9
0.12
0.55
-0.16
-1.49
-2.79
-3.88
-3.14
-0.12
-0.78
-0.27
0.71
1.77
2.35
2.28
1.96
2.43
1.96
1.02
0.55
0.55
-0.67
-1.02
-1.45
-1.92
-0.94
0.63
0.71
0.55
0.39
-1.02
-1.02
-0.55
-0.75
0.43
-0.04
-1.65
-2.71
-3.65
-1.88
0.82
-0.82
-1.41
-0.08
1.57
1.92
1.84
1.06
0.24
-1.02
-1.96
-1.53
-0.47
-0.51
0.08
0.16
-0.04
-0.75
1.22
2.31
2.2
0.59
-0.86
-1.77
-1.49
-0.59
-0.12
0.59
2.75
2.12
0.24
-2.16
-4.47
-4.35
-1.96
-1.61
-0.9
1.45
2.12
2.71
2.51
1.92
1.92
1.65
1.22
0.47
-0.55
-1.06
-1.26
-1.14
-1.33
0.24
1.69
1.53
1.14
0.51
-0.47
-0.27
-0.75
-0.59
-0.86
-0.35
-1.02
-1.8
-3.49
-3.26
-2.51
-0.47
0.47
-1.1
-0.27
0.75
1.29
1.57
1.77
1.57
2
0.75
0.94
0.55
-0.16
-0.67
-0.75
-0.98
-1.22
-1.18
1.18
1.49
0.78
0.12
-0.43
-0.67
-0.71
-0.63
0.24
1.37
0.78
-0.08
0.27
-0.12
-2.79
-3.57
-3.53
-1.96
-2.16
-1.18
0.78
1.53
2.39
2.24
1.14
0.71
1.22
0.82
0.9
0.9
0.59
0.27
-0.08
-0.63
-1.61
1.22
1.53
1.29
0.12
-0.9
-1.37
-14.12
3.37
-19.65
2.35
0.59
-2.31
-4.04
-4.04
-1.49
1.84
-1.29
-1.73
-0.63
0.47
1.1
1.26
0.98
0.94
0.59
0.47
0.51
1.06
0.78
0.82
0.67
-0.35
0.04
0.98
0.47
-12.67
1.61
0.94
-0.2
1.14
0.55
-1.69
-3.02
-3.37
-2.75
-1.06
0.08
-1.88
-0.78
0.98
2.75
2.59
3.37
2.51
1.88
1.06
0.78
-0.47
-0.82
-1.14
-0.98
-0.86
-0.75
2.31
1.45
0.39
-1.06
-1.49
-1.22
-0.2
0.35
0.31
0.51
0.08
-0.86
-2.55
-2.2
-1.29
1.1
-1.96
-1.22
-0.16
0.55
1.22
1.41
1.69
0.51
0.12
0
-0.24
0.04
0.2
0.08
-0.04
0
0.24
1.92
1.26
1.41
0.94
0.16
0.12
-0.51
-0.43
-0.04
0.39
-0.12
0.47
0.24
-0.39
-1.73
-2.35
-1.06
-0.59
-2.59
-1.61
-0.35
0.9
0.94
1.37
0.71
0.9
1.26
0.82
0.86
0.24
0.43
-0.59
-0.9
-1.49
1.33
1.14
0.59
-0.08
-0.55
-0.71
-1.02
-0.24
0
-0.08
0.16
-0.04
-0.78
-1.37
-2.31
-2.24
-0.04
-1.88
-1.45
0.43
1.18
1.77
1.73
1.45
0.82
0.35
0.55
0.27
-0.16
-0.27
-0.43
-0.43
-0.75
-1.29
1.61
0.78
0.24
-0.47
-0.75
-0.71
-0.51
0.16
0.47
0.24
0.35
-0.12
-0.75
-1.61
-2.94
-3.1
-0.75
-2.39
-1.84
-0.2
1.06
2.9
2.31
1.96
1.92
1.02
0.12
0.82
0.24
-0.2
-0.98
-0.51
-0.47
-0.9
2.24
1.49
1.37
1.49
0.55
0.78
0.39
-0.04
-0.2
-0.59
-0.86
-0.75
-1.45
-2.75
-3.57
-2.94
-0.51
-3.18
-2.31
-0.27
1.06
1.29
1.33
1.45
1.45
1.26
1.61
0.86
1.26
0.98
0.35
-0.2
-1.18
0.86
0.98
0.2
-0.55
-0.78
-1.29
-1.1
-0.31
0.24
-0.08
0.75
0.43
-0.2
-1.49
-3.06
-2.82
-0.47
-2.12
-1.45
0.24
1.57
1.37
1.57
1.33
0.55
0.55
0.94
0.75
0.31
0.59
0.35
-0.31
-1.06
-1.57
1.26
0.43
0.12
-0.67
-1.14
-1.29
-0.94
-0.51
0.39
0.35
0.67
0.39
-0.43
-1.73
-2.86
-2.82
-1.26
-1.33
-1.29
-0.04
1.96
2.24
2.24
1.41
1.49
1.02
0.35
-0.2
-0.75
-0.63
-0.16
0.12
-0.51
-1.22
0.63
0.39
0.08
-0.63
-0.67
-0.94
-0.71
-0.12
1.06
0.67
0.55
0.47
0.86
-0.9
-2.16
-3.3
-1.92
0.9
-2.04
-1.73
0.51
1.8
1.92
1.45
1.22
0.63
0.27
0.35
0.43
0.27
-0.31
-0.51
-0.51
-0.9
-1.49
1.53
0.78
0.27
-0.08
-0.12
-0.51
-0.24
0.08
0.55
-0.43
-0.31
-0.43
-0.63
-0.59
-2.08
-2.63
-1.77
-0.35
-2.16
-0.63
0.82
1.73
2.47
1.77
1.96
-0.2
-0.43
-0.2
-0.67
-0.31
-0.08
0
-0.51
-1.18
0.94
0.16
-0.51
-0.82
-1.41
-1.37
-0.31
0.24
-0.2
0.71
0.63
0.47
-0.31
-1.92
-2.94
-1.92
-0.31
-2.43
-0.9
0.82
1.14
1.37
1.26
0.31
0.67
-0.71
-0.71
-0.12
-0.59
-0.2
-0.63
-1.02
-1.37
1.14
0.04
-0.59
-1.02
-0.86
-0.9
-0.55
0.55
0.75
0.51
0.51
0.51
0.39
0
-0.39
-1.37
-2.28
-1.29
-2.55
-2.04
-0.82
0.51
2.2
2.43
1.77
0.67
0.16
-0.16
-0.47
-0.47
-0.9
-0.98
-1.02
-0.63
-0.9
1.1
0.59
-0.16
-0.04
-0.43
-0.47
-0.39
0.12
0.31
0.39
-0.16
0.08
-0.12
-1.06
-1.88
-1.96
-0.2
-2.43
-0.98
0.55
1.88
2.71
2.08
1.77
1.06
0.35
-0.2
-0.67
-0.9
-1.29
-1.06
-1.02
-1.29
-0.55
1.06
0.9
0.31
0.04
-0.51
-0.55
-0.82
-0.78
0.2
0.82
1.14
1.18
3.22
1.84
-0.75
-2.59
-2.71
-2.24
-2.35
-1.53
0.31
2.04
2.28
2.98
2.2
1.53
1.1
0.71
-0.31
-1.06
-1.84
-2.12
-1.8
-0.75
1.61
0.2
-0.2
-0.59
-0.78
-0.71
0.31
0.31
0.12
-0.24
0.08
0.35
0.27
-0.51
-1.53
-1.53
-0.24
-0.2
-2.04
-0.31
1.14
2.16
2.04
2.28
1.37
0.47
-0.31
-0.9
-0.39
-0.9
-0.78
-0.98
-1.22
-1.45
0.27
0.27
0.08
-0.04
-0.31
-0.55
-0.35
-0.12
0.08
0.31
0.35
0.2
0
0.43
0
-1.22
-1.37
-0.16
-0.2
-1.61
0.04
1.57
2.43
2.79
1.8
1.77
0.47
-0.27
-0.78
-0.47
-0.94
-1.37
-1.26
-1.61
-1.37
-0.47
1.77
0.67
0.31
-0.16
-0.55
-0.67
-0.63
-0.9
-1.06
-0.78
2.24
1.53
-0.12
-1.77
-1.96
-0.43
0.16
-1.45
-0.2
0.67
1.8
2.28
2.71
1.45
1.49
0.08
0.2
-0.04
-0.78
-1.57
-1.45
-1.61
-1.1
-0.47
1.33
0.75
0.08
0.04
-0.24
-0.78
-1.1
-0.51
-0.2
0.2
2.28
0.59
-1.14
-1.49
-1.73
-1.53
1.37
-2.35
-0.47
0.71
2.08
2.28
1.88
0.9
1.22
-0.16
-0.67
-0.27
-0.51
-0.94
-0.82
-0.82
-0.63
1.73
1.65
0.67
-0.2
-0.39
-1.37
-0.9
-0.63
-0.75
-0.04
2.67
0.86
-0.51
-2.47
-2.12
0.27
0.31
-1.77
-1.26
0.24
2.08
2.9
2.16
2.08
1.8
0.55
-0.27
-0.08
-0.55
-1.1
-1.49
-1.45
-0.98
1.41
1.18
0.86
0.27
-0.16
-1.53
-1.49
0.2
-0.12
0.39
0.31
0.12
0.16
-0.94
-1.92
-1.84
-0.59
-0.94
-2.31
-0.98
0.86
2.2
2.67
1.57
1.33
0.71
0.43
-0.08
-0.2
-0.55
-1.29
-1.22
-0.94
-0.9
-0.59
1.73
0.75
0.43
0.2
-0.04
-0.67
-0.86
-0.51
-0.82
-0.51
0.9
-0.86
-2.39
-2.35
-1.41
2.12
-1.57
0
0.86
1.84
2
2.08
0.9
-0.16
0.04
-0.55
-0.16
-0.04
-0.55
-0.75
-1.1
-1.06
-0.86
1.29
1.1
0.51
0.27
0.2
0.35
-0.12
-0.78
-1.18
-1.26
-0.86
-0.71
-0.12
-0.82
-2.35
-1.69
-0.35
-1.69
0.27
1.45
3.1
3.8
2.59
2.39
0.98
0.2
-0.82
-1.73
-1.53
-1.29
-0.98
-0.71
-0.51
1.49
0.98
0.63
0.39
-0.08
-0.63
-0.71
-0.67
-0.71
-0.39
-0.08
1.26
0.08
-1.57
-2.79
-1.77
-1.53
-2
-0.43
0.75
1.84
2.24
1.8
1.57
1.18
0.71
-0.39
-1.06
-1.37
-1.33
-1.26
-0.35
1.65
1.49
0.82
0.27
-0.04
-0.59
-1.33
-1.22
-0.86
-0.35
1.06
-0.31
-0.47
-0.12
-0.94
-1.61
-0.08
-3.14
-1.92
-0.16
1.29
1.8
1.92
1.49
0.51
0.78
-0.08
-0.24
-0.67
-1.37
-1.29
-1.37
-1.29
-0.2
0.9
0.75
0.31
0.27
0.16
-0.04
0.16
0.24
0.31
0.47
0.47
1.49
1.02
-0.24
-0.24
-0.86
-1.8
-2
-3.45
-2.24
-1.22
-0.16
1.45
1.65
2.16
2.39
1.22
0.67
0
-0.43
-0.39
-0.98
-1.02
1.69
1.29
0.71
0.75
0.2
-0.35
-1.06
-1.57
-0.82
-1.14
-0.78
-0.59
-0.16
-0.59
-0.71
-0.55
0.39
-2.39
-1.45
-0.04
0.86
1.96
2.31
0.98
1.14
0
0.63
-0.39
-0.63
-0.55
-1.1
-1.45
-1.37
-1.26
1.69
0.98
0.27
0.16
-0.43
-0.47
-0.51
-0.27
0.2
0.82
0.71
-0.08
-0.86
-0.86
-1.22
-0.75
0.27
-1.77
-1.41
0.24
1.26
2.04
2
1.77
1.41
0.71
0.04
-0.78
-1.1
-1.02
-0.94
-1.33
-1.1
-1.06
-0.04
2
0.67
0.35
0.35
0.08
0.16
-0.12
0.08
0.16
0.47
0.59
-0.12
1.06
-0.67
-2.43
-0.75
-3.22
-1.26
0.27
1.06
2.08
1.41
1.41
0.9
0.59
0.71
0.16
-0.16
-0.82
-1.1
-1.02
1.61
1.33
0.75
0.51
0.35
-0.16
-0.2
-0.43
-0.67
-0.75
0.82
-0.9
-3.1
-1.18
-2.82
-2.04
0.67
1.65
2.43
2.31
2.16
1.29
0.27
-0.31
-0.35
-0.82
-0.55
-0.63
0.67
0
-0.27
-0.75
-0.55
0
0.04
0.94
1.02
1.22
1.92
2.43
1.45
-1.22
-0.47
-1.29
-0.71
0.78
0.35
0.39
0
0
0.16
0.31
0.24
0.2
0
0.04
0.2
0.12
-0.04
0
0.08
0.08
0.16
0.08
0
0.16
0.16
0.2
0.16
0.24
0.27
0.24
0.16
0.2
0.2
0.12
0.04
0.04
0.08
0.04
0.04
0.08
0
0.04
0.08
0.12
0.08
0.16
0.08
0.04
0.2
0.08
0.16
0.16
0.12
0.16
0.16
0.12
0.12
0.12
0.16
0.16
0.16
0.12
0.12
0.12
0.12
0.12
0.12
0.16
0.12
0.08
0.12
0.16
0.08
0.12
0.04
0.12
0
0.2
0.12
0.12
0.08
0.08
0.12
0.08
0.2
0.2
0.12
0.2
0.12
0.12
0.2
0.08
0.08
0.12
0.2
0.2
0.12
0.2
0.24
0.12
0.12
0.08
0.04
0.04
0.12
0.08
0.12
0.04
0.08
0.12
0.04
0.08
0.12
0.08
0.08
0.16
0.12
0.16
0.24
0.24
0.2
0.2
0.12
0.08
0.04
0.08
0.12
0.12
0.04
0.04
0.04
0.04
0.04
0.08
0.04
0.04
0.04
0.12
0.12
0.12
0.12
0.08
0.12
0.08
0.16
0.24
0.24
0.16
0.12
0.08
0.12
0.12
0.12
0.16
0.08
0.12
0.12
0.04
0.12
0.08
0.08
0.04
0.16
0.08
0
0.08
0.12
0.08
0.08
0.12
0.08
0.12
0.2
0.08
0.12
0.16
0.12
0.12
0.08
0.08
0.04
0.12
0.08
0.12
0.12
0.16
0.12
0.12
0.12
0.2
0.16
0.2
0.2
0.12
0.16
0.12
0.2
0.16
0.08
0.08
0.08
0.12
0.12
0.12
0.08
0.08
0.08
0.08
0.12
0.16
0.2
0.12
0.2
0.12
0.2
0.16
0.16
0.16
0.24
0.08
0.08
0.2
0.12
0.04
0
0.04
0.08
0.08
0.08
0.16
0.16
0.12
0.12
0.08
0.2
0.2
0.16
0.16
0.24
0.2
0.12
0.16
0.16
0.2
0.12
0.12
0.16
0.12
0.08
0.08
0.2
0.12
0.12
0.12
0.12
0.08
0.12
0.16
0.08
0.12
0.16
0.16
0.16
0.12
0.16
0.12
0.2
0.16
0.2
0.2
0.12
0.16
0.2
0.16
0.12
0.12
0.12
0.08
0.12
0.16
0.16
0.12
0.12
0.16
0.12
0.2
0.2
0.12
0.12
0.16
0.08
0.12
0.12
0.12
0.04
0.16
0.2
0.16
0.12
0.12
0.16
0.16
0.16
0.27
0.2
0.12
0.16
0.16
0.12
0.12
0.12
0.16
0.16
0.2
0.2
0.04
0.12
0.12
0.2
0.08
0.08
0.16
0.2
0.12
0.08
0.16
0.2
0.16
0.12
0.2
0.12
0.16
0.16
0.12
0.16
0.12
0.16
0.16
0.04
0.16
0.04
0.08
0.04
0.12
0.2
0.16
0.2
0.08
0.12
0.16
0.12
0.16
0.16
0.2
0.16
0.16
0.12
0.2
0.08
0.12
0.08
0.12
0.08
0.08
0.2
0.24
0.16
0.08
0.12
0.16